Time	25_1	25_2	25_3	50_1	50_2	50_3	100_1	100_2	100_3	150_1	150_2	150_3
00:00:00	59.539	61.48	65.185	132.774	143.764	138.703	284.824	296.492	296.728	458.858	443.022	447.105
00:00:30	53.322	55.438	60.884	121.147	133.436	128.649	270.94	279.639	276.903	443.501	430.285	427.872
00:01:00	51.581	54.811	59.201	119.077	128.875	127.106	261.36	272.814	269.966	431.717	419.046	420.918
00:01:30	49.659	52.351	57.09	113.98	126.935	122.017	256.506	262.944	266.987	430.201	413.988	415.261
00:02:00	47.69	51.202	54.682	110.988	125.522	118.284	248.92	255.099	256.299	422.044	403.763	410.787
00:02:30	45.448	49.736	53.201	108.77	120.185	116.57	243.951	253.037	255.327	419.704	402.03	405.172
00:03:00	45.05	49.012	52.652	106.842	118.157	114.122	238.896	251.798	250.182	417.014	401.547	406.585
00:03:30	43.831	48.276	51.521	104.581	114.043	111.408	238.946	245.716	246.791	413.449	394.953	398.46
00:04:00	42.613	46.968	49.769	101.279	112.216	110.824	237.714	242.466	244.575	413.157	396.299	399.844
00:04:30	40.99	46.158	50.297	100.849	111.583	107.723	233.282	237.941	243.108	409.851	392.437	396.405
00:05:00	41.349	44.9	47.993	97.744	106.478	105.485	230.817	235.628	237.961	404.052	390.655	394.191
00:05:30	40.5	44.048	47.766	97.069	106.681	105.009	229.693	233.285	240.024	403.743	392.557	391.924
00:06:00	39.521	42.737	46.018	94.688	102.534	102.879	225.18	229.75	233.695	398.786	385.113	385.202
00:06:30	38.679	43.304	45.824	94.584	102.947	103.795	227.029	230.43	234.379	403.222	388.291	390.769
00:07:00	38.91	41.931	45.71	93.324	101.112	101.208	223.187	227.375	231.807	399.029	383.938	386.774
00:07:30	37.924	41.599	43.947	92.548	100.821	102.314	223.983	227.737	233.174	398.272	383.279	384.778
00:08:00	37.057	41.14	42.467	90.49	97.117	98.676	221.178	224.888	229.583	399.274	378.488	382.935
00:08:30	36.972	40.63	42.456	90.124	97.109	97.608	221.008	225.95	227.763	400.315	378.325	381.779
00:09:00	37.455	39.46	41.986	89.69	97.197	98.445	221.536	225.099	228.237	399.045	380.559	383.548
00:09:30	36.278	39.221	42.501	89.458	95.824	97.351	220.273	223.945	228.293	397.419	379.452	382.163
00:10:00	36.305	39.261	40.159	88.636	96.423	95.937	220.702	224.725	229.224	397.067	379.192	382.793
00:10:30	35.408	38.544	40.655	87.879	95.004	95.735	218.25	222.396	226.634	394.946	376.999	381.388
00:11:00	35.108	38.438	40.051	86.57	94.385	94.909	218.03	222.154	225.718	391.986	376.488	379.282
00:11:30	34.704	37.041	40.472	86.455	93.399	95.971	217.451	219.453	225.909	393.26	375.908	377.84
00:12:00	33.604	37.279	38.702	87.027	92.497	93.743	215.341	217.489	224.156	394.192	374.271	376.84
00:12:30	33.36	37.105	38.835	85.339	91.611	92.595	215.939	219.694	224.058	391.035	376.355	377.058
00:13:00	33.79	36.753	38.198	84.077	91.569	93.011	211.711	215.306	221.421	388.54	369.192	371.533
00:13:30	33.237	36.483	37.456	84.795	90.145	91.756	214.783	216.196	224.08	391.783	372.887	372.906
00:14:00	32.762	35.545	37.456	84.259	89.659	91.202	213.702	218.347	219.73	389.878	373.216	376.674
00:14:30	32.512	35.535	36.809	82.856	89.959	91.397	211.796	214.027	221.254	389.935	368.721	373.185
00:15:00	33.106	34.689	36.091	82.874	90.656	89.272	215.275	219.652	223.186	392.725	374.623	371.886
00:15:30	31.582	34.925	37.604	82.485	89.684	89.89	212.747	216.214	222.443	393.575	374.16	373.121
00:16:00	31.394	34.608	36.173	79.908	89.46	86.891	213.551	213.712	221.397	387.96	372.561	371.05
00:16:30	31.625	33.733	36.621	82.377	88.084	87.828	212.336	216.979	221.227	389.997	372.43	370.088
00:17:00	31.957	34.378	36.378	80.86	89.165	87.941	212.862	218.17	221.236	391.67	371.402	373.218
00:17:30	30.912	33.248	34.922	81.151	87.495	84.842	213.102	215.432	219.631	389.895	370.47	372.96
00:18:00	31.39	33.399	35.218	80.13	87.638	85.498	212.106	213.663	217.573	391.941	372.453	371.728
00:18:30	30.487	33.159	33.973	80.577	87.774	85.003	210.099	213.9	220.766	386.892	368.321	368.627
00:19:00	30.431	33.647	35.193	80.678	87.302	86.185	210.625	215.843	222.012	391.643	370.767	370.909
00:19:30	30.174	32.687	35.317	79.858	87.129	84.349	210.591	215.131	220.615	391.055	371.203	370.848
00:20:00	30.898	32.776	34.3	79.787	86.857	84.959	209.309	214.101	218.413	389.618	373.083	372.486
00:20:30	29.576	32.757	34.8	77.813	86.667	83.581	211.218	215.258	219.393	388.864	373.791	372.735
00:21:00	29.935	32.363	33.703	79.158	84.527	83.792	208.144	213.067	215.856	388.5	368.779	366.07
00:21:30	29.803	31.817	34.677	77.863	84.906	82.73	211.273	213.68	218.058	388.614	371.22	367.917
00:22:00	29.496	31.445	33.778	78.477	85.912	83.729	208.731	214.599	219.586	387.562	369.877	371.171
00:22:30	29.501	31.322	34.33	77.626	85.646	82.68	208.942	213.424	217.756	390.147	368.55	369.844
00:23:00	29.516	30.52	33.734	77.06	86.083	84.533	209.875	213.567	219.798	393.267	374.441	370.391
00:23:30	28.915	31.093	33.107	76.248	83.802	83.301	208.874	212.562	218.112	389.048	369.29	365.47
00:24:00	29.004	31.259	33.258	77.607	84.335	81.275	210.759	211.863	218.749	388.686	369.18	366.973
00:24:30	28.601	30.779	33.13	76.53	83.927	81.751	209.631	212.533	219.137	390.198	367.409	364.89
00:25:00	28.512	30.43	33.572	76.438	83.397	82.048	209.292	212.964	215.865	390.813	369.549	365.251
00:25:30	29.003	30.133	33.014	75.694	82.185	82.087	207.196	212.737	215.906	387.749	365.042	361.151
00:26:00	27.912	30.422	32.729	75.963	82.39	80.541	209.915	211.951	217.57	388.526	368.087	364.167
00:26:30	28.492	30.186	32.46	77.313	82.163	82.662	210.429	211.696	219.155	391.217	367.73	363.124
00:27:00	28.288	30.707	32.992	75.832	83.136	82.397	209.438	214.143	219.526	388.518	367.426	363.523
00:27:30	28.04	30.117	33.039	75.444	83.013	80.802	208.22	213.571	215.136	388.29	369.417	364.219
00:28:00	27.584	29.296	32.636	75.389	81.642	80.567	209.41	212.094	216.498	386.568	366.892	363.602
00:28:30	27.793	29.916	32.458	75.431	80.992	80.962	208.052	212.726	217.805	388.689	368.367	359.112
00:29:00	28.119	29.57	32.47	74.88	81.175	81.155	208.786	212.061	217.409	390.782	367.81	358.121
00:29:30	27.368	29.216	31.969	74.974	80.512	80.801	208.755	210.126	214.751	386.959	363.312	354.812
00:30:00	27.29	30.057	32.57	75.234	81.202	80.052	207.014	211.509	217.398	386.88	365.228	355.971
00:30:30	26.667	29.101	32.323	75.292	80.508	80.706	208.223	210.534	216.336	391.442	365.457	356.4
00:31:00	27.256	29.534	32.457	75.187	79.696	80.817	208.672	212.868	217.995	390.746	366.105	356.062
00:31:30	27.365	28.596	31.786	74.862	81.014	81.058	207.604	209.476	216.882	389.387	362.571	352.851
00:32:00	26.815	29.874	31.848	74.566	80.734	80.215	208.67	211.01	217.285	389.641	365.979	356.501
00:32:30	27.109	28.805	31.875	75.106	78.601	80.334	206.363	210.441	213.792	385.268	359.649	351.717
00:33:00	26.611	28.905	30.921	73.733	79.765	80.569	207.507	208.173	213.409	385.151	362.014	351.044
00:33:30	26.785	28.525	31.615	74.28	79.51	79.855	206.979	210.421	215.537	385.43	359.88	351.169
00:34:00	25.967	29.05	31.481	73.205	79.153	79.274	203.614	209.352	214.878	385.823	356.311	350.678
00:34:30	26.405	29.692	31.424	74.22	79.686	81.66	206.515	209.986	215.631	389.486	364.229	353.856
00:35:00	25.57	29.332	30.908	74.798	79.294	78.876	204.921	209.362	216.347	387.397	358.439	350.76
00:35:30	26.348	29.073	30.65	74.881	79.57	79.451	207.962	210.277	215.045	385.144	360.015	349.259
00:36:00	25.464	28.568	30.767	74.302	78.406	79.945	206.712	209.63	214.469	388.945	358.803	350.629
00:36:30	25.985	28.263	30.461	72.951	79.164	78.934	207.113	208.668	214.957	386.759	361.874	349.711
00:37:00	26.234	28.455	31.348	73.289	78.572	79.987	207.968	208.713	214.548	387.548	362.093	347.201
00:37:30	25.067	27.928	30.62	72.99	78.575	79.43	205.802	208.01	213.294	384.649	359.889	345.969
00:38:00	25.895	27.999	30.794	74.333	78.097	79.297	205.513	208.843	215.622	387.141	359.641	348.576
00:38:30	25.863	27.835	31.226	73.797	78.368	79.914	207.148	210.422	214.856	386.936	357.74	343.175
00:39:00	26.68	27.964	31.127	72.959	78.79	78.375	204.496	208.45	214.438	386.091	358.679	345.265
00:39:30	25.255	28.393	30.785	74.03	77.599	80.128	207.564	209.068	213.016	384.128	355.462	342.925
00:40:00	25.911	27.762	30.482	73.869	79.245	78.654	206.656	209.407	213.43	388.823	362.028	340.525
00:40:30	25.403	27.878	30.497	73.292	78.168	79.549	204.439	208.968	214.654	385.917	361.791	344.108
00:41:00	25.248	28.068	30.005	74.687	77.799	79.578	205.228	209.319	214.457	385.853	361.758	341.091
00:41:30	25.049	27.076	30.205	74.05	77.22	80.012	204.164	207.619	212.159	385.954	356.621	341.944
00:42:00	25.311	27.481	30.984	74.699	77.157	79.503	208.247	207.112	215.429	388.349	355.806	339.453
00:42:30	24.74	28.027	30.224	73.525	78.074	79.716	202.626	204.766	214.052	383.61	354.15	335.362
00:43:00	24.334	27.164	29.977	72.907	77.384	79.462	205.572	206.203	211.454	385.8	353.228	339.403
00:43:30	24.495	27.075	29.553	72.715	77.905	78.35	203.129	203.973	212.07	384.298	352.247	333.329
00:44:00	25.03	27.109	29.622	73.216	77.842	78.534	202.792	206.487	213.344	383.52	355.049	336.328
00:44:30	24.563	27.135	29.523	74.239	77.214	79.776	204.802	207.586	214.672	386.142	354.469	338.208
00:45:00	24.681	27.048	29.79	71.946	77.651	78	204.69	205.744	212.981	385.627	351.841	332.933
00:45:30	24.363	26.651	29.872	73.809	77.247	78.448	202.963	204.305	211.258	385.303	355.506	333.361
00:46:00	24.626	27.169	30.573	73.612	76.718	78.327	204.773	205.577	212.923	386.802	353.773	332.818
00:46:30	24.217	27.703	29.717	72.003	76.538	79.007	204.124	204.208	214.216	383.052	353.298	331.127
00:47:00	25.091	26.95	29.569	74.653	77.769	79.149	206.158	206.728	212.687	386.988	354.618	332.995
00:47:30	25.011	26.894	29.978	73.764	77.069	78.551	204.285	206.479	214.064	384.358	353	332.449
00:48:00	25.185	27.284	29.632	73.195	76.288	80.349	202.328	205.887	212.334	386.427	352.068	331.387
00:48:30	24.086	26.94	28.344	74.035	77.881	79.357	204.759	204.618	211.801	384.237	350.135	330.638
00:49:00	24.841	26.455	29.651	73.953	77.578	80.295	207.102	206.752	211.963	385.803	354.876	327.811
00:49:30	24.594	25.747	29.989	74.018	77.437	78.72	204.906	205.665	213.22	383.305	350.475	327.661
00:50:00	23.936	26.509	29.061	72.312	76.475	77.832	204.284	204.687	211.885	383.721	351.136	327.734
00:50:30	23.491	25.771	28.87	73.871	78.073	77.638	203.674	204.88	212.484	383.244	347.974	326.122
00:51:00	24.658	26.1	29.349	73.817	78.313	78.901	204.288	203.383	213.889	384.324	351.437	330.374
00:51:30	24.239	26.262	29.023	72.903	76.328	79.521	205.417	202.834	209.721	381.632	347.652	325.329
00:52:00	24.042	26.818	28.994	74.735	78.253	79.693	204.857	204.853	211.951	386.437	350.134	326.972
00:52:30	24.529	26.016	29.055	73.19	77.759	78.266	203.531	204.216	211.359	382.403	348.876	322.236
00:53:00	24.656	26.545	28.646	73.86	78.392	79.416	204.023	203.644	211.894	385.065	345.73	323.362
00:53:30	23.601	26.591	28.438	73.878	77.722	78.922	206.401	203.982	215.992	385.672	350.189	326.248
00:54:00	23.899	26.108	28.536	73.98	77.448	78.325	203.726	203.961	214.172	385.679	347.305	322.877
00:54:30	23.436	25.976	28.223	73.093	77.469	78.994	204.432	201.788	214.455	383.495	347.708	321.468
00:55:00	24.901	25.842	28.544	72.629	75.79	79.574	205.81	203.476	211.884	383.441	348.418	322.179
00:55:30	24.153	26.048	28.801	73.599	77.001	78.618	204.889	203.001	211.871	383.624	348.668	321.77
00:56:00	23.486	25.774	28.321	74.027	77.106	77.785	204.416	202.445	211.416	382.76	347.098	319.381
00:56:30	24.018	25.884	28.955	73.074	76.978	79.284	205.718	202.196	211.921	380.174	343.755	318.499
00:57:00	24.043	25.583	28.338	74.498	77.411	79.486	204.774	203.07	213.086	385.721	347.811	320.039
00:57:30	24.004	26.26	28.853	72.303	76.864	78.122	204.66	203.266	213.187	379.58	344.629	319.061
00:58:00	24.543	25.451	27.669	73.246	77.456	80.053	205.584	203.592	213.643	385.655	347.194	319.848
00:58:30	24.059	25.956	28.905	73.094	77.944	78.993	204.51	201.975	213.608	385.518	345.372	317.789
00:59:00	23.497	25.529	28.502	72.831	76.051	78.14	202.99	200.116	209.502	382.726	341.376	315.744
00:59:30	24.083	25.346	28.807	74.602	77.189	78.803	203.591	201.99	213.357	383.962	344.624	317.521