Time	25_1	25_2	25_3	50_1	50_2	50_3	100_1	100_2	100_3	150_1	150_2	150_3
00:00:00	90.309	89.581	101.294	149.865	152.607	151.819	290.686	283.875	293.983	411.963	421.905	427.63
00:00:30	92.14	87.887	95.936	143.23	144.645	143.645	288.497	275.795	288.259	402.64	414.165	420.204
00:01:00	81.412	79.014	86.217	140.783	142.952	143.468	279.546	271.406	279.128	395.806	408.734	411.759
00:01:30	74.913	75.327	81.294	136.622	140.769	139.823	271.803	262.103	271.629	387.501	398.988	402.285
00:02:00	73.21	72.612	76.317	133.869	138.172	135.176	262.838	258.868	266.821	383.074	391.864	401.072
00:02:30	69.626	71.571	73.322	131.558	135.082	133.595	258.065	251.565	258.903	380.35	393.302	397.111
00:03:00	67.916	69.797	71.245	127.15	130.439	129.785	251.123	244.104	250.685	374.489	384.4	388.837
00:03:30	65.482	68.082	70.118	125.253	125.795	127.755	246.815	244.486	248.296	369.963	385.79	385.943
00:04:00	65.397	65.515	68.546	122.19	122.756	126.379	244.493	238.14	244.001	369.195	382.221	384.62
00:04:30	64.255	64.589	66.315	120.131	122.264	122.537	236.22	234.89	236.86	369.551	379.627	383.536
00:05:00	62.814	63.551	66.258	119.017	119.102	121.323	231.441	232.342	232.383	367.719	378.597	382.928
00:05:30	61.058	62.268	64.813	115.307	117.515	119.802	229.627	229.845	231.984	367.815	375.765	381.641
00:06:00	59.863	60.96	61.823	115.082	115.015	118.466	227.188	227.698	228.569	362.478	376.843	382.084
00:06:30	57.802	58.564	61.158	111.385	112.438	115.757	222.245	226.245	226.623	362.931	371.134	377.996
00:07:00	57.528	57.135	60.082	108.639	111.005	113.814	222.32	222.088	223.906	362.937	373.409	377.375
00:07:30	56.996	56.202	57.744	109.008	109.543	112.366	219.904	220.929	222.112	362.16	370.839	376.659
00:08:00	55.41	54.697	56.562	107.752	107.272	110.942	217.764	215.55	218.93	359.985	367.05	371.656
00:08:30	53.743	54.472	54.975	106.319	106.376	109.214	216.227	211.211	219.85	357.922	370.931	372.237
00:09:00	53.558	52.605	54.062	104.615	105.531	108.536	214.036	209.365	217.873	355.886	368.393	373.449
00:09:30	52.46	51.652	53.372	103.668	104.232	106.926	213.899	211.91	219.039	356.25	366.974	372.357
00:10:00	52.531	50.603	52.157	103.215	103.107	108.823	211.175	211.086	216.434	355.119	367.8	372.559
00:10:30	50.764	48.573	51.656	102.202	102.667	105.409	213.881	208.698	214.806	354.43	367.059	371.484
00:11:00	50.008	47.63	50.434	100.375	102.675	105.386	210.307	207.424	212.435	351.778	363.181	370.009
00:11:30	49.446	46.901	49.558	97.837	99.691	105.02	210.513	206.033	213.169	349.852	362.88	368.503
00:12:00	48.142	46.279	47.978	96.309	98.739	101.795	209.966	204.775	211.196	348.383	364.489	362.648
00:12:30	48.03	45.6	47.896	96.677	98.967	100.782	206.96	202.972	211.082	350.06	362.703	360.683
00:13:00	46.543	44.465	47.638	96.221	98.563	101.956	207.09	204.654	208.349	350.008	360.376	364.69
00:13:30	47.165	43.262	46.455	95.222	97.509	100.17	207.156	202.748	208.054	346.102	361.046	363.369
00:14:00	44.796	43.528	45.536	93.277	96.379	97.153	207.365	201.039	207.57	346.313	353.832	360.901
00:14:30	45.769	42.578	45.422	93.622	96.98	99.231	203.632	202.359	208.956	351.239	358.493	361.501
00:15:00	44.922	41.699	44.755	92.355	93.443	97.155	201.196	201.052	206.497	348.481	353.387	355.463
00:15:30	44.497	41.683	43.342	91.798	93.825	97.262	200.406	198.993	206.355	344.44	351.933	358.115
00:16:00	44.09	41.914	43.712	90.867	94.862	96.207	200.47	198.667	207.316	348.35	356.896	356.289
00:16:30	43.425	40.701	43.279	90.792	91.264	94.316	200.801	200.163	204.61	343.578	353.969	355.042
00:17:00	42.943	39.544	42.059	89.665	91.267	94.794	198.881	196.787	203.789	343.958	350.586	358.609
00:17:30	42.086	39.673	41.097	89.925	91.812	92.204	199.836	196.682	201.308	339.521	345.332	354.478
00:18:00	41.7	38.767	40.667	89.117	90.606	92.828	196.166	194.895	201.581	339.695	347.161	348.955
00:18:30	41.046	37.842	40.155	87.958	89.942	91.265	197.945	195.377	201.869	338.079	345.877	350.006
00:19:00	41.578	38.839	41.216	88.88	90.25	91.669	199.606	197.246	201.528	342.282	348.979	351.862
00:19:30	40.39	38.195	39.868	86.783	90.296	91.339	197.769	195.318	202.494	336.495	346.957	348.456
00:20:00	40.045	38.018	39.653	86.114	88.224	90.332	195.61	190.918	201.121	333.479	343.959	346.837
00:20:30	40.454	37.845	39.776	86.93	88.702	89.509	197.747	194.267	201.072	338.265	348.894	351.923
00:21:00	39.053	37.797	39.212	87.217	88.455	89.479	195.274	194.733	198.229	334.727	343.437	347.379
00:21:30	38.723	36.216	37.735	84.405	88.162	89.466	194.8	191.416	197.928	333.983	343.225	346.268
00:22:00	39.662	35.893	36.927	85.045	85.039	89.131	193.937	191.896	199.509	332.783	340.365	344.969
00:22:30	39.05	35.98	36.907	83.276	87.312	88.028	197.103	191.8	198.838	332.45	340.103	348.982
00:23:00	38.576	35.297	37.24	82.391	87.004	87.896	193.551	189.95	197.781	326.567	336.248	340.95
00:23:30	37.527	35.564	36.986	80.528	85.144	86.585	193.052	189.387	196.104	327.07	337.187	341.771
00:24:00	37.752	35.422	37.059	81.456	85.341	88	193.447	191.274	197.566	328.914	337.237	340.798
00:24:30	37.318	35.17	36.92	81.523	84.519	88.311	193.492	188.336	195.955	324.061	337.179	340.431
00:25:00	37.077	34.786	34.885	80.619	82.853	85.964	192.058	186.204	195.049	324.743	333.083	339.356
00:25:30	36.73	34.883	34.818	78.746	81.112	86.234	189.457	187.771	194.688	321.42	333.773	336.491
00:26:00	36.517	34.805	35.146	79.172	81.373	86.165	189.822	188.209	194.63	324.134	330.906	337.945
00:26:30	35.585	34.456	34.77	80.294	80.658	85.813	190.244	188.008	193.583	320.559	328.235	335.179
00:27:00	35.858	34.099	34.564	78.028	79.262	85.053	186.078	186.916	191.758	319.191	327.457	331.069
00:27:30	35.896	33.303	34.381	79.92	79.58	83.62	190.499	185.91	190.286	316.409	327.953	330.421
00:28:00	35.87	33.312	34.013	78.756	78.835	84.538	190.77	187.207	195.067	320.298	328.016	332.836
00:28:30	35.567	33.188	34.319	77.394	79.346	84.842	191.71	184.773	193.512	318.354	326.751	336.284
00:29:00	35.282	32.661	33.142	77.487	78.414	83.246	187.645	184.938	192.165	316.532	324.489	329.601
00:29:30	34.8	32.36	33.109	76.412	78.837	83.655	186.495	184.093	191.153	315.168	322.286	328.187
00:30:00	34.401	32.118	32.271	77.288	78.145	83.3	189.053	185.597	192.167	315.874	323.137	329.895
00:30:30	34.54	32.607	32.593	77.585	77.848	79.527	190.019	184.827	191.856	317.575	321.827	330.653
00:31:00	34.419	32.198	32.336	75.181	77.302	81.334	186.731	182.611	191.785	311.763	321.539	324.808
00:31:30	34.038	31.689	31.529	75.019	77.604	80.278	188.055	183.472	189.448	313.332	322.222	325.082
00:32:00	33.949	32.179	32.982	75.335	77.281	80.805	187.432	182.773	191.607	312.872	322.023	325.31
00:32:30	34.07	32.046	31.099	74.533	76.547	80.294	187.189	182.857	188.63	308.341	316.837	326.635
00:33:00	33.912	31.616	31.996	73.979	76.499	78.615	187.485	182.954	189.083	308.999	316.708	321.198
00:33:30	33.701	31.273	31.554	73.893	76.255	80.097	187.107	181.745	185.908	309.878	316.739	324.879
00:34:00	32.109	31.015	31.782	73.812	75.783	78.708	186.072	183.003	188.265	309.301	317.34	322.327
00:34:30	32.241	31.218	31.073	74.29	76.265	78.637	185.501	179.29	187.966	304.521	316.483	317.183
00:35:00	31.941	31.196	29.895	73.241	74.771	78.932	185.052	178.386	187.511	307.375	313.987	318.547
00:35:30	32.362	30.827	30.637	74.429	76.002	79.283	183.795	178.805	186.829	305.549	314.395	314.697
00:36:00	31.759	30.153	30.515	73.159	74.865	79.732	183.756	180.157	187.998	305.459	312.897	317.571
00:36:30	32.416	30.127	29.545	73.496	74.592	76.469	183.844	179.074	186.245	302.958	315.079	319.679
00:37:00	32.397	30.563	29.776	71.286	74.947	78.107	184.998	180.27	187.887	303.726	312.088	316.221
00:37:30	31.782	30.46	30.029	72.261	73.745	78.91	185.18	179.468	187.273	302.711	313.224	317.033
00:38:00	31.344	29.86	29.941	72.209	75.091	79.146	184.485	179.818	187.168	302.461	311.947	316.638
00:38:30	30.536	29.431	28.778	71.441	74.373	76.535	183.391	178.163	186.1	299.702	309.587	312.729
00:39:00	32.084	29.638	30.05	70.535	73.186	75.945	181.834	177.457	184.412	299.624	309.122	310.663
00:39:30	31.226	29.753	29.61	70.353	72.335	75.18	182.828	177.91	185.076	299.587	305.793	310.936
00:40:00	30.961	29.551	28.949	70.927	73.939	78.292	181.626	177.641	186.033	300.336	304.724	310.809
00:40:30	30.458	28.611	29.007	69.757	73.849	77.018	181.977	177.449	185.018	298.085	306.728	309.431
00:41:00	31.184	29.185	28.907	69.469	72.72	76.783	181.103	175.821	185.985	295.121	305.88	308.176
00:41:30	30.983	29.307	28.369	71.521	72.233	75.931	181.962	178.806	184.613	297.815	306.272	308.884
00:42:00	31.392	29.526	28.891	69.646	72.582	75.251	183.375	178.637	186.069	297.315	304.735	308.868
00:42:30	30.733	28.961	28.153	70.318	71.982	75.005	179.768	179.476	185.063	296.679	302.165	308.253
00:43:00	29.866	29.276	28.495	70.728	73.019	74.901	184.868	176.858	184.397	295.989	304.939	307.427
00:43:30	29.361	28.568	28.373	69.001	72.9	76.757	179.754	175.504	184.238	294.852	301.669	304.236
00:44:00	29.646	29.009	27.99	69.915	73.086	75.646	179.717	176.096	182.975	292.638	301.103	302.66
00:44:30	30.433	28.489	28.665	70.391	72.99	76.654	181.505	177.562	183.922	296.093	303.441	307.68
00:45:00	29.809	28.305	28.413	68.701	72.264	76.874	181.378	176.38	185.63	291.971	300.42	304.8
00:45:30	29.51	28.627	28.309	68.954	72.621	76.562	180.583	175.572	182.108	292.512	298.103	303.058
00:46:00	29.903	28.381	28	68.992	70.908	75.671	179.172	173.283	182.689	292.332	297.346	301.688
00:46:30	29.188	28.27	28.115	68.646	71.393	75.591	178.966	174.906	183.184	290.248	297.881	300.389
00:47:00	29.019	27.772	27.711	69.33	71.976	74.87	179.701	175.434	183.449	289.65	298.2	304.297
00:47:30	29.401	28.368	27.113	67.649	71.813	75.583	178.931	175.333	181.319	289.142	298.093	302.567
00:48:00	28.731	27.573	27.42	68.639	69.527	74.183	176.589	173.979	183.519	289.256	297.87	300.926
00:48:30	28.936	27.355	26.944	67.617	71.031	74.452	177.77	173.102	181.666	287.645	293.156	297.624
00:49:00	28.507	28.366	27.135	68.472	70.34	73.961	178.47	173.996	180.679	288.337	292.872	296.61
00:49:30	28.181	28.155	27.013	67.94	70.257	74.254	178.277	172.004	184.224	287.023	293.71	297.815
00:50:00	28.635	27.345	26.659	67.918	71.502	72.284	178.7	173.81	181.892	287.839	292.265	298.642
00:50:30	29.333	27.109	26.484	67.533	70.701	72.085	179.34	173.195	182.387	286.706	294.817	297.82
00:51:00	28.6	27.084	26.539	67.64	70.542	74.481	178.702	172.896	181.396	287.382	295.393	297.769
00:51:30	28.431	27.541	26.832	66.295	70.629	74.826	176.062	174.8	181.397	284.256	295.183	297.399
00:52:00	28.608	27.165	27.181	67.755	71.096	74.983	177.919	174.683	181.642	284.021	294.279	295.202
00:52:30	28.396	26.521	26.437	67.432	71.378	75.134	175.245	172.767	179.385	285.765	293.485	297.902
00:53:00	28.007	26.78	27.152	67.552	70.53	74.464	176.504	172.376	180.419	286.32	290.68	297.197
00:53:30	27.864	27.131	26.879	67.19	71.089	75.413	175.834	170.871	178.855	282.759	289.791	293.376
00:54:00	27.94	26.853	26.768	69.525	70.218	72.827	174.845	170.393	177.299	281.593	291.934	292.297
00:54:30	27.949	26.354	27.161	66.98	71.28	73.627	178.133	171.714	179.638	282.055	289.486	292.774
00:55:00	28.87	26.831	26.202	68.348	70.167	72.486	177.365	172.433	180.107	281.043	290.549	293.077
00:55:30	27.892	26.684	26.611	68.255	69.628	73.557	174.923	172.182	179.14	284.477	289.243	291.986
00:56:00	28.164	26.177	27.074	67.366	70.348	74.505	177.325	172.949	183.327	284.3	289.845	293.664
00:56:30	27.398	26.445	26.291	67.913	70.689	73.146	176.16	170.831	177.271	280.78	286.424	291.07
00:57:00	27.284	26.987	25.519	67.403	69.701	71.363	175.841	172.418	179.804	281.275	288.328	290.895
00:57:30	28.101	26.552	26.474	66.71	70.081	74.938	176.88	172.494	182.342	283.302	289.723	292.742
00:58:00	27.384	26.765	26.215	65.526	70.169	74.253	174.303	171.21	180.846	280.94	287.338	290.837
00:58:30	27.423	26.398	25.43	67.952	70.463	73.3	174.88	170.152	178.945	278.805	284.903	287.334
00:59:00	27.211	25.997	26.193	67.642	69.849	72.626	175.102	170.645	178.402	278.308	286.424	287.293
00:59:30	27.265	26.859	26.622	67.046	69.827	73.484	176.201	171.012	180.14	279.521	285.403	290.431