Time	25_1	25_2	25_3	50_1	50_2	50_3	100_1	100_2	100_3	150_1	150_2	150_3
00:00:00	94.253	91.925	98.154	171.047	182.355	185.004	349.034	354.54	349.652	524.652	488.173	509.802
00:00:30	94.803	92.196	102.176	171.985	183.621	185.597	349.5	351.769	354.176	528.178	493.325	511.519
00:01:00	95.014	93.426	103.524	173.67	182.853	186.063	352.031	352.117	355.25	536.086	497.517	515.044
00:01:30	94.23	93.295	104.227	172.43	181.729	187.061	351.532	353.953	351.416	534.009	499.713	516.211
00:02:00	94.336	93.503	102.848	173.078	183.185	186.637	352.553	354.988	355.752	536.138	501.426	520.515
00:02:30	96.055	94.733	104.544	174.682	184.373	188.454	353.852	355.38	361.135	543.939	508.102	522.958
00:03:00	96.835	93.399	106.006	175.156	185.358	187.425	358.57	355.673	357.987	548.008	507.071	522.081
00:03:30	95.204	94.57	105.179	176.443	186.226	188.929	357.116	357.903	358.536	547.074	508.928	530.287
00:04:00	95.569	94.017	104.518	176.677	183.751	187.312	356.321	356.387	359.961	543.63	510.081	525.313
00:04:30	96.085	95.05	104.97	176.498	183.84	186.709	359.103	356.674	361.298	545.335	505.452	525.34
00:05:00	96.87	95.169	104.912	176.111	185.402	191.182	356.332	358.86	361.542	546.459	509.61	530.233
00:05:30	97.763	96.307	107.784	178.807	187.761	193.434	362.265	362.823	365.235	552.639	518.906	536.812
00:06:00	96.4	94.711	105.927	178.391	186.113	190.845	361.989	362.9	362.619	558.057	512.617	533.737
00:06:30	96.813	96.53	105.246	176.277	187.831	191.567	360.221	363.022	365.17	556.826	514.151	531.49
00:07:00	97.031	95.655	107.313	178.475	186.15	192.391	362.929	360.885	366.344	551.892	515.758	529.696
00:07:30	95.531	96.408	104.434	177.789	187.234	188.91	358.447	360.742	362.322	547.399	513.021	528.583
00:08:00	97.207	95.878	106.363	179.648	186.876	189.809	359.906	361.799	362.617	551.768	512.869	531
00:08:30	97.094	97.407	105.798	178.695	186.716	192.63	364.008	362.471	367.028	556.443	521.193	533.145
00:09:00	98.159	96.67	107.146	178.658	186.158	189.711	361.873	362.281	365.164	554.954	516.416	531.221
00:09:30	97.494	96.965	106.446	178.615	187.206	189.765	362.801	359.602	366.091	550.079	516.945	529.264
00:10:00	97.17	95.978	106.072	179.918	188.062	191.263	361.739	363.409	368.609	555.021	521.077	535.158
00:10:30	97.942	95.225	107.283	178.97	188.226	191.468	362.139	360.529	365.203	555.244	519.988	534.618
00:11:00	98.46	96.736	107.101	180.048	188.751	192.529	364.478	365.525	366.827	559.419	521.361	536.715
00:11:30	97.541	96.347	106.148	178.645	188.362	191.13	363.756	359.098	367.106	552.998	518.493	532.932
00:12:00	98.462	97.318	106.782	178.187	188.077	189.161	360.209	360.835	366.143	555.74	518.095	532.469
00:12:30	99.053	98.057	107.361	180.902	188.691	193.496	363.516	367.832	371.93	561.613	523.957	541.385
00:13:00	97.956	98.094	107.73	180.891	189.811	194.11	369.089	365.684	372.498	562.822	521.798	543.265
00:13:30	98.962	97.375	108.109	181.128	189.199	193.774	367.576	365.446	371.408	563.13	526.693	539.377
00:14:00	100.023	97.414	108.693	180.116	188.684	192.897	364.851	364.19	369.14	554.89	522.81	539.428
00:14:30	98.504	97.485	107.887	179.433	189.925	192.685	365.601	363.426	368.8	557.016	521.892	540.638
00:15:00	97.303	97.625	108.237	180.649	191.125	194.356	368.392	368.478	368.242	562.882	524.054	539.652
00:15:30	98.944	97.461	108.755	181.255	188.709	194.643	365.9	370.841	369.403	562.283	525.824	538.597
00:16:00	101.166	98.007	109.449	184.283	191.659	196.112	368.01	374.131	374.459	568.364	528.037	544.714
00:16:30	99.82	98.77	109.741	181.175	191.246	193.579	369.31	367.387	372.348	566.329	528.646	542.739
00:17:00	99.566	98.286	109.226	180.982	190.341	193.647	370.068	366.519	373.715	563.394	528.127	542.866
00:17:30	99.581	98.116	108.386	181.895	191.789	195.079	369.459	367.174	372.086	567.427	521.936	541.145
00:18:00	98.412	97.222	108.066	180.882	189.259	195.031	364.9	364.944	369.019	557.519	523.698	544.162
00:18:30	98.475	98.739	108.618	180.987	190.33	193.943	370.428	367.111	369.073	566.072	529.697	542.385
00:19:00	99.389	98.6	108.499	183.255	190.555	195.026	367.787	367.491	373.529	565.998	524.526	541.705
00:19:30	99.565	99.255	109.013	181.487	191.66	193.572	369.224	369.172	374.511	562.819	526.371	541.491
00:20:00	100.013	98.066	108.845	184.142	190.988	196.1	368.27	368.607	375.446	568.565	528.206	546.886
00:20:30	100.189	97.727	109.295	183.06	190.931	195.68	366.062	367.015	373.28	562.936	527.675	543.024
00:21:00	100.858	98.909	109.905	184.061	191.313	196.342	367.574	368.355	373.433	567.135	529.324	541.335
00:21:30	98.807	97.477	110.546	182.773	193.57	195.029	369.113	370.199	374.155	564.303	529.724	540.082
00:22:00	99.261	98.802	110.837	181.521	191.036	194.933	367.839	369.204	372.144	566.175	528.941	543.482
00:22:30	101.632	98.296	110.295	183.583	193.234	197.506	369.871	374.482	378.427	567.989	531.391	547.511
00:23:00	99.968	97.902	108.834	181.788	192.573	196.467	368.68	371.149	375.81	567.508	533.681	543.557
00:23:30	100.202	98.952	110.504	183.626	191.562	195.279	371.482	372.223	375.477	566.87	534.499	545.222
00:24:00	100.647	99.48	110.291	182.81	193.024	196.732	371.301	371.021	379.428	565.549	528.253	546.709
00:24:30	100.425	98.388	110.281	185.42	192.274	196.386	371.686	372.222	376.965	568.024	534.507	546.941
00:25:00	100.18	98.879	109.701	181.399	191.561	194.176	368.468	370.982	373.974	564.352	526.604	544.603
00:25:30	100.271	100.242	109.989	183.662	193.68	196.249	370.768	369.216	374.662	567.827	532.937	544.371
00:26:00	101.134	101.715	110.194	184.354	193.188	196.64	373.748	374.494	378.861	569.6	533.098	553.846
00:26:30	101.251	101.239	111.439	182.309	192.288	196.981	373.09	374.012	381.204	569.073	535.585	551.37
00:27:00	101.671	101.159	112.05	185.357	196.304	195.657	371.637	372.368	380.84	573.246	535.714	550.285
00:27:30	101.04	100.133	110.559	183.341	194.4	198.265	376.774	375.983	380.53	571.163	532.371	550.737
00:28:00	100.476	100.266	110.23	182.862	193.924	196.473	373.866	374.033	377.19	569.57	533.556	547.078
00:28:30	99.832	100.724	110.652	184.907	195.487	197.259	372.532	373.412	382.728	572.72	539.237	552.744
00:29:00	100.242	98.816	110.34	183.647	194.261	197.42	373.31	372.859	378.761	564.893	534.154	550.606
00:29:30	100.355	99.991	110.92	184.871	194.48	197.765	371.403	374.537	378.242	565.624	532.274	544.065
00:30:00	101.909	100.212	111.647	187.602	195.247	198.708	376	373.051	379.027	569.548	538.144	549.256
00:30:30	101.013	100.794	111.2	186.403	194.369	196.608	373.539	376.033	379.107	574.109	535.501	552.71
00:31:00	101.628	100.661	111.26	184.54	194.293	198.432	374.015	377.187	381.632	570.352	536.474	551.452
00:31:30	101.987	99.332	110.761	184.408	193.557	197.681	374.646	371.646	379.459	568.703	532.713	546.668
00:32:00	99.681	99.415	111.154	184.332	194.411	196.769	374.276	374.599	379.955	572.118	534.929	549.184
00:32:30	101.098	100.091	111.614	184.154	192.972	197.027	372.121	371.834	378.884	570.501	535.235	550.526
00:33:00	102.132	101.494	111.758	184.71	194.888	198.678	370.858	377.684	379.272	569.836	537.29	547.82
00:33:30	102.074	101.734	112.205	187.212	195.134	197.449	373.274	376.019	381.01	569.4	536.319	552.321
00:34:00	102.574	101.439	111.353	185.769	193.921	198.18	376.062	377.737	377.185	568.253	538.978	554.074
00:34:30	102.219	100.748	111.937	183.337	195.43	197.627	373.138	374.86	381.746	570.489	533.377	549.743
00:35:00	100.678	99.471	110.948	185.738	195.384	197.274	374.818	373.592	377.777	569.216	540.744	546.378
00:35:30	102.661	98.733	111.718	185.977	196.106	197.457	372.058	374.684	382.944	572.987	539.777	547.83
00:36:00	100.488	99.05	110.042	185.233	194.773	196.812	376.262	375.846	383.232	574.267	540.141	551.42
00:36:30	99.145	100.33	109.613	183.15	194.627	196.077	373.335	371.181	378.536	566.534	533.746	547.254
00:37:00	100.608	100.17	111.317	182.791	195.516	197.448	372.877	374.96	381.579	572.313	532.798	552.266
00:37:30	102.135	100.73	111.974	184.773	194.902	198.94	376.387	376.953	382.743	578.516	541.433	553.261
00:38:00	101.533	100.384	111.208	183.009	195.864	198.883	378.234	378.263	378.524	570.613	537.21	557.08
00:38:30	100.635	101.161	111.687	184.885	193.992	197.006	375.847	374.769	381.687	569.195	539.038	551.474
00:39:00	100.484	100.398	111.734	182.826	196.875	199.565	371.879	376.547	382.572	570.72	536.212	547.608
00:39:30	101.652	101.474	111.649	185.273	193.68	199.822	374.962	376.718	382.54	573.672	540.72	550.375
00:40:00	100.823	100.931	110.539	182.633	192.952	199.163	373.793	373.383	379.038	568.688	533.453	544.36
00:40:30	101.903	102.619	111.496	185.56	195.489	200.948	376.365	375.563	382.87	573.951	542.362	550.927
00:41:00	101.514	100.953	112.474	184.403	195.588	199.704	375.635	374.244	382.59	572.223	540.614	551.72
00:41:30	99.281	99.531	111.229	185.718	194.705	199.932	373.57	377.834	379.907	572.453	540.328	554.032
00:42:00	100.518	99.931	111.109	185.552	195.516	199.787	375.73	375.498	382.483	573.213	539.955	549.979
00:42:30	101.461	101.768	111.215	187.023	195.613	199.065	378.666	376.789	382.684	571.891	539.733	551.282
00:43:00	101.499	100.72	111.996	185.841	196.756	200.219	376.489	379.111	383.164	575.897	540.795	553.621
00:43:30	100.983	100.016	109.688	185.005	195.665	197.89	376.071	374.183	381.108	570.068	535.794	549.844
00:44:00	100.773	101.36	112.269	186.418	197.382	199.945	376.599	375.342	378.513	573.127	541.411	551.856
00:44:30	102.962	101.44	111.55	185.524	196.648	199.699	375.051	374.348	381.176	574.992	538.31	549.104
00:45:00	101.012	100.483	111.799	183.39	196.915	200.727	373.049	374.898	381.058	567.042	539.419	546.391
00:45:30	102.158	100.662	112.263	184.224	197.017	200.792	374.752	379.12	381.748	567.561	539.556	553.806
00:46:00	101.018	101.101	112.547	187.35	196.095	200.026	379.047	379.776	384.772	568.783	538.881	550.329
00:46:30	101.9	100.214	110.917	185.444	194.617	196.727	372.952	374.216	378.83	567.231	540.786	546.681
00:47:00	101.547	100.076	111.629	186.033	197.851	201.488	378.787	376.928	381.024	571.309	541.598	546.526
00:47:30	101.701	100.896	111.402	186.375	196.995	200.443	378.032	380.433	385.851	579.609	540.631	557.217
00:48:00	102.317	101.618	112.14	185.349	198.062	202.563	375.705	377.377	385.285	573.347	543.116	552.464
00:48:30	102.093	101.346	112.123	185.405	199.661	201.164	379.043	377.111	384.055	575.551	538.612	550.831
00:49:00	101.604	100.3	112.781	185.087	196.786	198.886	376.056	376.374	384.51	573.133	539.717	553.692
00:49:30	101.405	101.333	111.769	184.466	195.554	199.804	377.222	375.841	385.061	569.026	540.755	552.808
00:50:00	101.136	101.075	112.909	187.302	197.333	200.757	377.377	378.029	384.33	575.407	543.683	555.34
00:50:30	102.301	101.193	112.244	185.096	195.079	198.712	375.443	374.666	378.195	569.77	538.625	549.361
00:51:00	101.221	99.46	112.746	189.393	198.122	200.814	375.832	376.712	385.174	575.028	539.492	549.773
00:51:30	103.675	100.528	113.217	185.916	196.157	201.369	375.754	378.158	386.109	574.592	544.392	554.299
00:52:00	102.45	101.211	111.596	185.645	197.745	203.846	378.938	380.382	386.373	577.424	545.751	557.159
00:52:30	101.651	100.468	112.212	186.306	196.866	199.792	377.529	375.42	383.305	570.905	539.65	550.546
00:53:00	100.869	100.746	112.469	187.769	198.788	202.881	376.976	377.716	383.487	575.623	545.495	557.859
00:53:30	102.324	100.332	112.13	187.299	197.053	199.531	376.516	379.239	382.33	575.768	542.415	552.784
00:54:00	101.933	101.453	113.628	185.689	197.824	200.75	378.713	377.023	385.127	576.019	543.02	553.121
00:54:30	102.069	101.276	112.722	185.848	198.985	200.063	378.998	378.198	386.66	574.528	545.213	552.387
00:55:00	101.513	100.33	110.559	184.832	195.402	199.155	374.834	375.798	383.04	568.833	535.307	547.705
00:55:30	101.633	102.1	111.514	185.721	198.148	200.962	374.846	379.491	385.403	574.941	541.982	550.135
00:56:00	101.909	102.637	111.322	185.168	199.073	202.557	376.635	378.64	386.397	577.634	544.31	556.465
00:56:30	101.455	101.719	112.683	186.14	197.176	201.558	374.874	379.22	383.345	571.69	541.606	551.371
00:57:00	102.327	101.413	111.58	185.953	196.31	199.617	378.39	379.674	384.751	573.376	540.917	550.31
00:57:30	103.232	101.968	112.898	186.599	199.541	203.029	380.312	377.9	387.424	579.732	547.478	552.626
00:58:00	101.288	101.319	111.964	187.238	196.52	201.255	376.608	380.616	385.446	569.669	540.751	549.592
00:58:30	102.225	101.123	113.448	186.459	197.946	202.038	378.061	378.637	383.287	567.779	545.603	553.042
00:59:00	102.496	101.328	113.498	185.905	198.3	201.984	380.731	378.958	387.153	575.481	543.266	550.802
00:59:30	101.124	99.371	111.351	185.194	194.872	200.056	375.467	377.982	378.333	572.309	540.293	545.518