Time	25_1	25_2	25_3	50_1	50_2	50_3	100_1	100_2	100_3	150_1	150_2	150_3
00:00:00	96.544	78.315	79.245	190.775	125.243	182.389	402.787	270.263	356.761	534.177	420.479	536.236
00:00:30	96.458	69.395	78.808	188.814	136.736	184.778	409.888	260.721	357.879	533.36	404.104	539.576
00:01:00	96.888	67.788	79.416	191.646	132.658	185.39	410.061	253.391	362.374	541.874	395.249	546.819
00:01:30	95.859	64.373	79.067	190.344	131.059	185.618	410.03	248.596	359.734	544.009	391.518	545.853
00:02:00	95.42	62.569	79.298	190.885	126.591	185.563	411.767	244.873	363.571	547.389	388.08	549.244
00:02:30	97.589	59.633	80.482	191.329	122.858	185.332	416.062	241.387	362.418	544.695	381.616	549.748
00:03:00	97.091	59.323	79.057	193.221	119.699	187.29	414.196	239.635	363.549	546.454	383.448	555.777
00:03:30	97.589	56.064	79.997	192.456	118.759	187.074	415.991	238.024	366.964	550.224	382.833	554.42
00:04:00	95.411	55.236	80.799	191.344	115.519	186.517	417.149	233.448	366.647	548.827	379.551	549.735
00:04:30	95.78	54.118	80.663	190.626	115.432	186.673	414.938	232.06	366.103	548.653	381.425	551.385
00:05:00	97.715	53.287	80.746	192.935	113.491	187.421	419.263	233.829	365.653	555.454	382.475	558.24
00:05:30	96.9	52.397	81.734	193.334	113.409	190.707	422.877	233.297	368.973	559.415	381.65	562.574
00:06:00	97.786	50.351	81.147	194.179	110.346	186.355	421.476	232.854	370.741	555.615	377.852	558.883
00:06:30	97.445	49.187	80.547	192.714	110.187	187.826	421.176	229.594	368.02	551.473	376.049	560.64
00:07:00	98.611	48.432	82.618	194.778	108.665	190.002	421.023	228.274	369.256	556.792	378.845	562.094
00:07:30	95.273	48.497	79.803	191.509	108.034	188.314	418.935	226.796	368.244	550.839	371.473	553.769
00:08:00	97.005	46.642	80.607	195.025	106.842	189.245	421.098	227.101	372.17	559.643	377.856	560.571
00:08:30	97.557	46.069	81.599	193.643	107.926	190.708	423.639	227.675	371.428	557.901	374.861	562.197
00:09:00	97.988	44.207	80.946	196.834	105.977	189.06	420.371	224.594	368.987	560.684	372.383	561.111
00:09:30	98.018	43.884	80.966	192.227	105.642	189.353	420.234	226.855	372.161	555.294	371.015	560.035
00:10:00	97.228	43.453	81.079	194.687	103.993	189.744	422.959	226.182	370.628	556.621	375.044	561.381
00:10:30	98.151	42.874	81.73	194.934	102.956	190.623	425.916	225.55	371.682	556.332	369.93	561.882
00:11:00	97.564	43.937	82.495	196.546	103.703	191.578	425.589	225.804	375.755	562.427	373.671	564.734
00:11:30	97.706	42.61	80.445	194.374	102.092	189.114	421.808	222.941	368.219	556.002	366.628	561.915
00:12:00	97.962	41.442	79.843	195.214	102.234	187.918	420.611	221.814	370.18	554.365	366.832	556.407
00:12:30	98.028	41.361	82.081	194.126	100.478	188.564	427.068	223.948	375.506	557.516	371.521	566.677
00:13:00	98.945	41.69	81.194	195.432	100.854	191.961	428.608	222.023	371.269	559.522	368.764	568.929
00:13:30	98.585	40.719	81.609	194.623	100.092	192.109	427.978	224.899	377.375	564.212	370	569.136
00:14:00	97.646	39.475	82.094	194.136	100.403	191.803	424.026	222.781	374.016	561.13	368.776	562.608
00:14:30	98.029	40.231	82.099	195.282	97.49	191.292	424.503	220.695	372.041	554.446	368.618	562.411
00:15:00	99.803	39.429	81.812	197.543	96.493	190.621	430.926	220.489	375.151	561.491	366.847	570.204
00:15:30	98.364	38.868	81.439	198.117	97.713	190.244	430.079	223.124	376.374	562.749	367.829	563.339
00:16:00	100.518	38.444	82.416	199.32	96.827	192.761	434.079	222.644	377.744	566.583	371.498	575.756
00:16:30	97.052	38.297	82.347	198.463	96.12	193.57	428.96	224.442	379.515	563.11	370.475	574.192
00:17:00	98.177	37.213	82.16	197.647	94.275	191.259	427.314	219.818	377.316	559.483	367.96	569.159
00:17:30	100.102	36.76	82.123	197.479	93.813	192.869	429.389	219.999	378.918	562.226	364.626	570.003
00:18:00	97.788	36.953	81.97	197.338	94.58	191.116	425.182	219.846	375.083	560.69	364.857	566.557
00:18:30	98.49	36.55	83.342	196.457	93.067	194.127	430.915	218.867	376.682	563.382	367.075	572.044
00:19:00	99.605	37.137	82.891	199.117	91.353	194.452	427.102	218.524	375.214	562.867	367.606	568.972
00:19:30	99.156	36.85	81.927	197.858	92.667	191.453	427.734	219.815	374.504	556.349	364.538	565.936
00:20:00	98.132	36.865	83.202	197.549	89.94	192.947	431.835	220.529	378.981	565.192	369.036	573.17
00:20:30	98.882	36.299	82.179	198.39	90.116	193.497	430.498	216.781	378.706	559.501	364.045	572.879
00:21:00	99.977	35.762	82.619	197.26	87.913	195.702	430.258	218.967	376.795	561.312	363.052	568.996
00:21:30	99.071	35.396	83.513	197.743	88.39	193.612	430.818	217.988	380.146	560.79	365.192	568.525
00:22:00	98.413	35.102	83.672	197.791	87.921	193.286	430.976	218.402	377.094	561.549	366.48	571.091
00:22:30	100.48	36.318	83.08	199.644	88.024	194.722	431.449	219.208	380.988	565.348	367.301	574.686
00:23:00	98.46	35.698	83.152	198.347	87.738	193.389	430.181	216.639	377.171	562.161	361.448	570.352
00:23:30	99.165	34.556	82.793	197.604	87.149	196.029	432.334	218.621	380.226	564.488	363.516	575.075
00:24:00	98.19	33.908	83.133	197.666	86.373	194.686	430.187	216.743	380.016	563.924	363.097	572.263
00:24:30	99.593	34.562	82.633	199.473	86.539	195.356	433.809	219.663	381.309	562.399	365.263	576.374
00:25:00	98.606	34.746	82.254	197.138	85.557	194.298	426.179	215.508	377.692	563.941	361.57	568.807
00:25:30	99.824	35.038	83.739	198.638	86.316	195.738	433.614	216.754	383.858	565.922	361.809	576.522
00:26:00	100.049	34.051	83.43	198.529	85.893	197.898	433.862	217.011	379.519	564.347	361.708	573.47
00:26:30	100.431	34.487	82.612	199.838	86.525	194.803	433.424	215.305	380.913	568.473	361.853	574.348
00:27:00	99.843	34.288	82.99	198.956	84.75	195.95	432.484	217.855	384.182	567.53	361.37	576.049
00:27:30	98.848	34.04	83.455	199.264	83.313	194.744	435.198	214.299	383.443	565.996	361.208	575.367
00:28:00	98.422	33.998	83.171	200.002	83.286	193.704	433.287	214.59	378.72	563.132	358.552	574.717
00:28:30	100.074	33.725	83.682	199.47	84.021	195.244	435.628	216.283	381.667	569.111	357.009	576.654
00:29:00	100.01	33.976	82.493	198.196	84.652	197.847	434.385	214.104	377.091	565.94	352.093	572.818
00:29:30	99.813	33.513	82.513	199.215	83.369	197.282	431.964	213.152	376.961	563.691	350.863	576.1
00:30:00	98.302	33.895	83.563	200.812	82.509	195.871	434.345	213.388	382.893	569.89	354.986	579.189
00:30:30	99.553	32.681	84.168	198.635	84.22	195.33	437.041	211.971	382.012	565.759	353.496	576.463
00:31:00	100.261	32.378	83.635	201.761	82.902	198.786	437.727	213.054	379.637	566.952	353.686	576.818
00:31:30	100.001	33.028	83.391	199.572	81.706	195.759	433.323	211.841	378.614	563.834	349.791	570.859
00:32:00	100.22	32.838	83.585	199.98	82.14	196.974	437.554	211.987	382.321	566.852	351.843	576.606
00:32:30	99.694	32.654	83.65	200.062	82.615	196.735	438.58	211.24	383.288	569.022	349.832	574.827
00:33:00	100.067	32.48	83.975	201.585	81.055	197.864	435.113	211.805	382.376	567.144	347.996	580.034
00:33:30	99.089	32.976	84.051	201.917	82.252	196.743	438.9	211.086	384.015	569.076	349.624	578.035
00:34:00	99.932	32.685	84.98	202.12	83.386	196.219	440.241	209.438	385.224	565.839	349.6	576.888
00:34:30	98.992	32.547	84.099	199.605	82.66	196.21	434.461	208.861	382.781	564.909	347.574	576.638
00:35:00	98.955	32.118	84.201	201.539	82.489	195.604	434.836	207.397	382.36	568.237	345.086	574.675
00:35:30	98.975	32.026	84.704	201.038	80.932	197.879	438.018	210.116	384.661	565.265	348.661	573.974
00:36:00	99.086	31.707	83.673	202.289	81.491	199.276	440.477	207.227	384.153	570.368	343.811	576.234
00:36:30	99.767	31.271	83.428	200.784	81.559	196.097	436.153	206.371	381.421	563.8	340.672	575.929
00:37:00	100.832	31.483	84.388	201.156	81.083	198.513	437.218	207.471	382.096	567.379	342.709	578.725
00:37:30	100.297	31.761	84.997	202.321	82.449	198.588	440.757	207.343	384.209	572.201	343.286	577.379
00:38:00	99.872	31.634	84.588	200.827	82.346	195.548	437.205	205.043	387.469	569.113	339.52	574.567
00:38:30	100.039	30.824	83.853	202.757	81.227	198.05	435.699	204.149	387.095	569.201	342.651	577.648
00:39:00	99.022	30.978	84.182	199.438	80.181	195.636	435.429	205.281	381.549	569.039	338.91	576.808
00:39:30	100.378	30.619	84.933	201.177	80.706	197.01	437.567	206.033	384.273	570.63	342.39	576.825
00:40:00	99.654	31.117	83.919	199.639	80.122	196.996	436.447	202.058	383.316	565.317	333.88	577.175
00:40:30	101.992	30.926	84.008	201.144	81.332	199.036	440.324	203.879	385.226	569.673	337.954	578.774
00:41:00	97.497	30.693	85.154	202.726	81.618	197.003	438.411	202.263	386.789	569.824	336.322	578.852
00:41:30	99.531	30.268	84.498	200.008	80.556	196.589	437.857	202.211	380.547	566.951	331.015	578.404
00:42:00	98.804	31.231	84.017	200.985	79.958	198.279	438	201.242	383.312	563.969	334.49	575.87
00:42:30	100.38	30.579	84.579	202.311	80.698	199.332	436.209	200.073	386.981	567.626	331.319	576.342
00:43:00	100.284	30.688	84.449	200.614	80.964	198.848	444.665	201.726	388.46	572.424	332.506	578.618
00:43:30	100.756	30.353	84.378	201.869	79.756	197.985	437.736	199.269	382.575	564.609	328.857	574.525
00:44:00	100.282	30.748	85.509	201.882	80.534	200.294	437.922	199.527	384.213	569.188	330.2	575.81
00:44:30	99.694	30.93	83.767	203.094	79.311	199.052	440.54	197.79	386.006	571.055	329.544	581.751
00:45:00	99.157	30.314	84.299	199.796	80.257	197.497	438.957	196.487	381.387	569.061	327.501	576.051
00:45:30	100.404	29.85	83.838	199.775	79.411	201.119	437.856	197.164	387.784	570.131	327.228	576.632
00:46:00	100.241	30.197	84.871	202.334	79.778	198.999	442.454	197.733	384.833	566.859	329.544	579.904
00:46:30	98.94	29.996	84.449	200.53	78.471	198.367	439.928	196.857	383.869	566.269	323.684	575.728
00:47:00	100.778	30.292	84.479	203.014	79.611	198.558	442.203	198.043	386.738	569.786	325.142	579.874
00:47:30	101.65	30.06	84.544	203.627	79.766	200.427	446.398	197.509	388.046	576.207	327.863	584.096
00:48:00	99.914	30.477	85.026	203.735	78.312	200.039	442.079	197.614	387.559	573.277	326.282	577.059
00:48:30	99.012	29.716	83.961	203.588	78.869	199.075	442.825	196.375	387.851	569.937	323.773	577.809
00:49:00	100.797	29.582	84.957	203.245	79.414	198.683	439.535	195.83	384.835	575.282	321.29	579.861
00:49:30	99.257	29.57	85.045	201.506	78.684	199.035	442.384	193.502	385.616	569.297	320.914	579.149
00:50:00	101.861	30.269	85.65	201.265	79.44	201.044	441.776	193.459	389.054	570.605	322.335	575.682
00:50:30	100.378	29.51	85.01	201.802	79.699	198.945	438.492	191.803	386.85	571.408	318.909	570.341
00:51:00	99.486	29.242	84.339	201.527	79.504	200.586	440.218	193.361	386.711	569.468	318.433	577.905
00:51:30	100.87	29.388	84.452	204.349	78.645	200.002	443.346	193.841	391.305	571.482	320.952	576.016
00:52:00	100.885	29.315	84.693	203.077	79.225	198.494	440.865	192.682	385.656	571.329	319.689	581.243
00:52:30	101.077	29.276	85.175	203.913	78.558	199.143	443.771	190.565	386.361	568.483	316.654	575.776
00:53:00	100.457	28.332	85.353	201.36	78.667	199.297	441.748	192.122	385.358	573.869	317.861	577.361
00:53:30	100.808	29.597	85.186	203.413	79.603	199.845	440.526	191.872	387.491	570.43	316.832	582.496
00:54:00	99.98	28.918	83.977	203.036	76.906	199.039	442.08	192.48	386.875	571.059	318.361	578.817
00:54:30	100.668	28.94	83.867	201.959	79.429	199.47	444.516	188.554	388.562	572.542	317.234	580.627
00:55:00	97.985	29.415	84.949	200.628	78.492	196.404	439.521	187.291	384.83	566.195	311.688	571.332
00:55:30	101.018	29.267	85.093	202.841	79.121	199.972	440.03	188.662	385.296	577.297	316.873	582.672
00:56:00	100.216	29.159	86.964	200.281	77.12	199.517	441.729	188.158	391.177	573.144	314.333	577.53
00:56:30	100.11	28.722	85.182	202.034	78.486	199.286	441.102	186.008	388.31	573.604	311.485	576.808
00:57:00	100.877	28.866	84.152	203.671	78.554	201.058	442.034	188.137	386.789	573.758	311.233	575.737
00:57:30	102.057	28.672	85.922	203.92	78.711	200.642	441.991	187.904	388.985	574.336	309.973	579.046
00:58:00	100.931	28.925	85.354	202.811	76.719	199.897	442.261	186.833	384.357	570.366	308.904	577.938
00:58:30	99.49	28.773	83.987	202.189	78.515	199.148	443.229	186.949	386.768	573.745	312.072	578.988
00:59:00	101.03	28.77	85.168	202.835	77.504	199.312	443.314	185.664	389.423	573.798	308.996	580.382
00:59:30	99.595	28.606	85.086	200.064	76.91	199.402	439.009	182.796	385.425	567.647	305.816	575.966