Time	25_1	25_2	25_3	50_1	50_2	50_3	100_1	100_2	100_3	150_1	150_2	150_3
00:00:00	92.015	79.606	94.361	193.539	134.48	201.822	363.93	260.511	402.046	560.432	377.542	677.936
00:00:30	93.556	84.862	95.638	191.271	130.06	204.176	362.509	247.823	413.742	566.404	371.132	676.284
00:01:00	93.345	70.155	96.531	193.003	126.491	204.951	369.03	241.262	418.905	572.264	367.489	681.972
00:01:30	93.569	65.848	96.927	191.156	121.328	203.088	365.878	236.173	416.737	577.042	363.946	685.588
00:02:00	93.928	64.075	97.236	194.006	118.145	207.555	369.948	232.871	420.09	577.939	358.695	687.279
00:02:30	94.101	62.208	96.882	192.772	114.655	206.02	367.185	226.029	425.8	580.436	356.245	678.051
00:03:00	94.904	59.496	97.274	194.722	113.034	209.141	373.224	226.091	430.323	582.238	357.566	687.693
00:03:30	94.687	58.621	97.163	195.273	112.183	209.068	372.837	223.837	430.273	588.933	357.441	691.097
00:04:00	93.975	56.357	98.851	195.247	108.641	209.606	372.401	220.418	431.158	581.828	355.807	688.088
00:04:30	96.456	54.074	97.758	195.13	107.897	207.664	373.928	219.518	426.669	584.04	354.685	694.196
00:05:00	96.643	53.906	98.206	195.212	107.308	208.758	373.887	220.275	432.687	594.397	352.415	696.859
00:05:30	95.904	54.045	100.973	197.74	105.673	209.329	376.225	219.53	437.056	593.121	359.06	697.259
00:06:00	96.13	51.658	100.196	196.167	104.011	210.913	376.717	217.631	436.879	593.208	353.738	691.8
00:06:30	95.785	51.464	99.133	195.249	103.461	210.236	373.805	215.415	433.303	591.547	352.85	693.746
00:07:00	95.807	48.701	100.851	198.683	103.874	213.363	378.988	215.558	437.189	601.267	355.699	703.466
00:07:30	96.44	49.043	99.538	195.525	101.651	208.652	376.954	214.786	435.535	601.779	352.25	693.044
00:08:00	96.869	47.673	100.809	198.268	102.181	209.896	377.441	215.556	439.657	599.755	351.172	691.404
00:08:30	97.131	47.518	99.959	199.999	102.014	211.167	381.301	215.392	445.883	600.266	353.492	695.394
00:09:00	95.932	46.573	101.062	196.736	100.072	209.969	375.971	215.004	437.707	597.28	351.222	689.385
00:09:30	95.679	45.536	100.44	196.072	100.302	210.385	377.58	212.295	445.952	600.389	350.137	697.349
00:10:00	98.191	46.582	101.034	198.292	100.556	211.92	380.34	215.208	443.829	598.991	354.04	697.485
00:10:30	98.347	44.921	101.258	198.006	98.016	211.243	380.321	211.861	441.391	599.772	352.034	701.085
00:11:00	97.596	45.134	101.973	199.318	97.252	211.342	382.554	213.989	446.941	607.554	354.353	701.007
00:11:30	96.768	43.779	99.808	197.092	96.433	209.244	378.017	211.115	444.121	603.102	350.31	696.803
00:12:00	96.009	43.178	99.902	197.759	96.362	210.034	381.011	211.919	441.451	601.386	350.312	693.229
00:12:30	98.21	43.975	100.85	196.936	96.016	212.258	379.846	211.464	442.785	602.562	348.283	703.645
00:13:00	97.823	44.37	101.493	199.288	95.879	215.81	383.371	212.861	445.331	612.031	347.664	710.426
00:13:30	98.22	43.684	101.771	201.273	95.968	215.726	382.443	212.382	452.142	607.57	352.328	705.839
00:14:00	96.665	42.259	102.902	198.886	95.8	212.239	378.926	210.412	446.915	605.257	350.101	702.596
00:14:30	97.62	42.792	101.578	199.702	94.398	212.067	382.65	208.904	447.174	601.804	348.455	700.171
00:15:00	99.14	43.389	103.03	199.618	95.619	214.64	384.484	211.62	449.862	612.828	350.903	708.68
00:15:30	97.926	42.159	101.673	199.451	94.17	215.584	387.345	210.013	450.403	608.325	350.289	705.114
00:16:00	99.245	42.138	102.305	201.062	95.124	218.338	389.553	211.66	452.394	620.809	352.291	714.664
00:16:30	99.095	41.769	104.153	202.031	95.173	217.061	386.442	210.522	453.639	618.523	349.95	712.896
00:17:00	99.485	41.104	101.725	200.829	94.394	214.789	385.064	210.842	451.589	618.475	348.593	718.681
00:17:30	97.545	41.894	103.303	201.319	93.857	215.942	384.864	207.68	455.063	614.948	349.326	711.441
00:18:00	98.073	40.821	102.272	201.082	91.52	215.703	384.669	208.424	450.648	611.928	349.335	708.366
00:18:30	99.498	40.818	104.128	199.918	92.905	216.571	388.595	210.092	453.304	611.424	350.424	712.592
00:19:00	98.176	40.684	102.183	200.809	92.948	214.302	385.837	209.602	457.319	613.723	354.36	710.981
00:19:30	98.223	40.799	103.874	201.389	90.797	216.582	384.136	207.934	449.741	612.957	347.529	709.995
00:20:00	100.279	39.773	104.26	201.273	92.036	216.272	384.285	208.507	456.411	619.321	349.878	719.201
00:20:30	98.975	39.44	102.374	201.487	91.665	218.076	386.515	209.957	454.896	618.58	347.89	712.107
00:21:00	98.324	39.819	103.67	201.483	91.218	217.042	387.329	207.18	454.614	618.615	351.204	712.417
00:21:30	98.698	39.711	102.939	200.508	90.931	216.846	388.058	208.683	456.895	615.614	351.654	714.074
00:22:00	99.345	40.238	102.685	201.774	90.272	217.008	388.206	206.964	456.865	618.481	349.494	715.265
00:22:30	98.749	40.274	104.727	202.348	91.594	218.17	391.643	209.513	459.911	625.669	351.35	720.585
00:23:00	98.817	39.059	103.395	202.724	90.42	217.048	388.024	206.347	458.336	621.046	349.254	717.979
00:23:30	99.519	39.434	105.283	202.666	90.337	219.138	392.597	206.985	461.999	621.404	349.132	720.303
00:24:00	98.94	39.179	104.573	203.761	90.325	202.787	390.613	207.058	458.007	619.238	348.38	714.789
00:24:30	99.342	39.372	104.956	203.628	90.754	206.073	393.273	207.521	458.745	627.63	351.558	718.223
00:25:00	99.352	38.637	103.828	202.719	89.879	203.368	388.034	205.506	456.766	615.664	347.855	715.968
00:25:30	99.608	39.091	103.802	203.916	90.812	204.678	389.385	208.119	460.729	624.223	350.032	721.82
00:26:00	98.536	37.924	103.334	203.841	90.102	205.423	391.259	209.155	463.837	621.563	352.672	719.137
00:26:30	99.845	38.72	104.566	203.498	89.505	205.061	392.093	207.451	459.015	624.041	349.079	717.103
00:27:00	99.828	38.382	106.343	204.424	88.851	204.548	392.765	205.699	462.411	626.141	348.67	719.565
00:27:30	100.914	39.218	105.341	202.737	89.925	206.885	389.041	207.038	460.294	624.464	348.464	720.209
00:28:00	99.806	38.629	103.344	204.688	89.472	203.945	387.612	205.836	463.682	623.439	347.38	718.001
00:28:30	100.135	38.055	104.807	203.706	89.213	205.874	390.922	206.861	464.555	627.918	348.766	718.848
00:29:00	99.812	37.743	101.638	200.871	88.891	204.235	388.443	207.218	462.121	623.534	347.777	717.915
00:29:30	100.29	38.813	104.301	204.052	89.039	205.558	389.652	205.765	460.715	623.666	343.993	721.305
00:30:00	101.491	38.817	105.573	207.534	89.906	206.018	397.432	207.415	469.993	633.613	349.427	721.295
00:30:30	100.728	38.018	104.035	203.612	88.889	207.626	392.737	207.527	463.981	626.79	349.535	721.99
00:31:00	101.405	38.292	104.253	203.997	88.873	204.94	391.34	205.599	464.486	629.576	350.153	723.629
00:31:30	99.947	37.055	104.262	202.307	87.962	206.413	392.898	206.948	463.406	621.939	348.601	719.808
00:32:00	100.522	38.597	104.328	203.99	88.541	206.306	393.595	207.681	464.6	622.023	349.695	722.687
00:32:30	98.994	38.116	105.156	206.243	88.596	207.435	391.533	208.18	468.349	629.993	348.831	723.732
00:33:00	100.731	37.764	104.049	204.844	87.569	207.1	392.856	203.802	468.852	629.639	345.282	725.91
00:33:30	100.371	37.78	104.569	204.214	88.621	206.694	397.258	205.859	466.922	631.089	349.676	725.398
00:34:00	101.462	37.674	105.341	204.882	88.106	209.065	397.143	205.884	471.221	626.417	347.922	724.532
00:34:30	101.306	37.302	106.223	202.851	86.251	207.197	393.542	205.029	465.276	630.448	346.986	724.998
00:35:00	100.771	37.362	105.123	204.011	87.063	206.714	395.923	205.429	466.567	630.783	344.332	721.466
00:35:30	100.856	37.58	106.263	205.773	86.362	207.133	393.27	205.849	469.568	632.7	348.618	731.022
00:36:00	101.64	37.618	103.683	203.152	87.128	206.554	394.141	206.719	465.956	632.346	345.471	724.037
00:36:30	101.582	37.245	104.477	204.789	85.432	205.843	392.035	202.34	464.107	626.044	345.496	719.921
00:37:00	101.865	37.331	105.199	202.199	86.439	206.399	395.945	206.009	465.298	630.069	349.955	725.252
00:37:30	101.68	36.982	106.502	205.947	87.032	207.581	395.11	207.511	470.668	636.35	349.579	730.266
00:38:00	100.515	36.488	104.088	206.816	86.2	207.787	397.258	205.564	465.022	633.064	346.786	727.048
00:38:30	101.012	37.539	105.442	203.76	87.227	206.946	398.311	205.795	473.306	628.62	348.067	725.732
00:39:00	102.205	37.558	105.206	204.308	85.384	206.681	395.688	203.456	469.708	627.952	347.068	729.042
00:39:30	102.299	36.969	106.009	206.307	86.887	209.839	399.015	205.714	470.686	634.997	348.64	733.07
00:40:00	100.375	36.469	105.215	203.857	85.841	204.883	400.392	204.327	464.522	630.07	342.942	726.739
00:40:30	102.361	36.457	105.687	205.407	86.572	209.723	397.622	205.473	473.224	641.12	345.691	732.457
00:41:00	101.904	36.749	106.244	205.293	87.346	208.111	399.422	205.543	471.348	637.57	350.722	734.348
00:41:30	101.402	36.422	105.909	205.004	85.097	208.618	394.881	201.92	468.005	632.502	343.157	726.836
00:42:00	101.531	36.282	105.684	205.414	86.338	210.74	398.572	202.873	470.232	633.607	346.729	724.053
00:42:30	100.632	36.256	104.528	205.844	85.891	208.53	398.146	204.38	472.291	636.496	345.525	727.503
00:43:00	103.41	36.24	106.621	208.481	86.171	210.037	400.17	208.816	478.687	638.422	345.735	733.627
00:43:30	101.665	36.624	105.525	205.396	85.954	209.315	398.793	203.726	415.884	634.97	344.741	730.578
00:44:00	102.032	36.42	107.295	206.856	87.261	210.639	399.709	206.088	473.045	634.335	345.886	734.517
00:44:30	102.155	36.323	106.268	207	85.725	210.426	399.507	205.091	421.919	635.964	344.749	732.378
00:45:00	100.485	35.756	105.141	206.855	85.561	210.502	398.66	204.588	424.685	638.992	344.885	732.808
00:45:30	100.901	36.879	106.084	207.6	85.822	208.548	398.947	205.177	421.973	639.469	344.739	727.268
00:46:00	101.334	35.979	106.201	206.618	85.138	208.933	400.283	204.664	420.758	636.844	345.231	735.341
00:46:30	100.716	36.477	104.585	205.664	84.057	209.028	396.64	204.446	470.586	635.755	344.244	728.905
00:47:00	101.567	36.197	105.945	208.862	85.872	210.023	398.727	206.013	421.314	640.466	345.742	734.971
00:47:30	101.964	36.81	106.601	209.115	85.56	212.382	401.781	205.816	476.28	641.397	347.598	736.015
00:48:00	101.279	36.55	107.719	208.492	86.387	212.138	398.765	204.872	473.931	637.291	346.021	728.969
00:48:30	100.873	36.685	105.988	208.569	85.369	209.896	402.579	203.464	426.181	640.522	344.664	734.468
00:49:00	101.758	36.047	105.677	207.027	85.454	209.164	401.556	202.752	424.978	639.738	347.006	740.553
00:49:30	103.025	36.163	106.38	207.709	84.008	211.138	400.991	203.4	427.158	639.497	345.11	739.235
00:50:00	101.511	34.904	106.281	205.622	83.262	210.728	401.712	203.617	426.465	637.141	349.779	734
00:50:30	101.734	36.086	105.141	206.958	82.49	209.451	398.716	202.324	421.895	634.115	344.042	735.058
00:51:00	102.675	35.17	106.117	206.293	83.185	210.483	399.462	202.504	473.379	639.811	343.642	733.069
00:51:30	100.861	36.009	106.592	209.478	83.508	211.498	401.885	205.078	427.856	646.419	345.158	737.888
00:52:00	102.696	35.992	104.577	209.085	83.221	210.688	399.429	203.752	427.344	635.839	341.756	735.979
00:52:30	102.579	35.83	105.897	206.43	82.522	210.221	400.083	202.104	425.683	638.852	342.861	734.417
00:53:00	101.826	36.289	106.762	210.169	84.064	211.347	401.549	205.019	426.713	641.953	342.724	730.746
00:53:30	103.056	36.29	107.237	208.363	83.318	211.553	399.026	203.793	426.744	645.172	342.444	738.092
00:54:00	104.018	35.862	106.56	207.864	83.104	210.399	403.263	204.223	475.783	639.726	349.427	737.944
00:54:30	102.909	35.627	106.075	209.972	82.819	210.54	403.013	203.395	428.21	641.214	343.688	736.161
00:55:00	102.594	35.398	105.41	208.47	81.67	211.506	400.031	202.888	426.706	641.948	342.35	737.234
00:55:30	101.622	35.972	107.101	208.111	82.481	211.845	401.254	204.516	477.976	645.444	346.019	737.863
00:56:00	103.303	35.629	106.053	208.178	82.702	211.598	405.413	204.13	431.993	647.679	347.806	736.782
00:56:30	102.343	35.373	107.433	207.681	81.926	210.921	397.674	203.186	424.566	635.891	342.506	735.928
00:57:00	102.799	35.239	106.163	210.697	81.837	211.487	401.309	203.74	430.362	642.096	344.117	743.183
00:57:30	104.012	35.746	106.364	210.235	83.853	211.766	403.483	203.009	431.395	640.062	346.893	739.32
00:58:00	103.001	35.237	107.467	207.774	82.38	212.66	404.226	201.535	430.319	644.337	344.088	734.27
00:58:30	103.829	35.441	106.784	208.907	82.571	211.582	403.765	201.886	429.527	643.206	345.406	744.067
00:59:00	102.007	35.951	106.927	210.305	83.202	211.656	407.899	202.576	435.794	645.953	346.46	741.738
00:59:30	102.419	35.702	106.334	207.65	80.04	212.2	400.27	200.969	429.271	636.97	342.493	730.133