Time	25_1	25_2	25_3	50_1	50_2	50_3	100_1	100_2	100_3	150_1	150_2	150_3
00:00:00	83.73	84.064	76.269	165.568	176.106	190.889	328.284	351.336	318.363	455.06	492.844	267.681
00:00:30	84.713	84.344	75.626	168.038	177.7	191.596	330.926	354.685	319.747	463.99	500.682	265.999
00:01:00	85.061	84.315	75.387	167.024	176.101	189.88	329.848	348.092	319.866	466.906	501.247	268.699
00:01:30	85.618	84.658	75.899	166.789	181.029	193.286	332.428	354.523	322.215	468.863	504.077	269.009
00:02:00	84.151	85.123	76.07	168.219	178.284	194.153	332.794	351.277	322.561	472.629	508.859	271.628
00:02:30	85.348	84.951	76.228	167.821	178.055	195.307	334.965	355.443	323.305	470.467	506.705	272.286
00:03:00	85.526	84.567	76.532	169.071	180.505	193.265	335.88	354.729	325.794	475.43	508.263	273.665
00:03:30	85.426	85.219	75.971	169.539	179.573	197.374	337.182	357.51	325.108	470.781	510.068	274.142
00:04:00	87.027	85.586	76.875	170.347	180.2	194.636	336.645	357.752	325.214	474.643	510.914	275.802
00:04:30	85.847	86.341	77.238	169.173	180.669	196.133	335.775	362.158	328.137	479.125	512.339	274.944
00:05:00	85.666	87.07	77.157	169.004	180.064	196.742	337.957	358.766	326.462	474.51	513.369	276.225
00:05:30	86.665	86.13	77.336	170.215	180.163	194.299	338.673	358.463	325.679	478.372	513.378	276.834
00:06:00	87.143	87.641	78.792	171.894	182.841	198.589	339.161	359.788	327.798	478.072	515.205	277.471
00:06:30	87.109	86.758	79.008	172.336	181.169	197.606	342.237	360.728	332.833	482.348	515.587	279.769
00:07:00	87.34	87.183	77.688	173.649	181.678	199.808	340.522	362.741	330.115	485.188	518.581	279.539
00:07:30	86.428	87.173	77.699	171.801	183.853	198.165	340.708	360.76	329.653	484.215	517.416	278.772
00:08:00	87.551	86.353	78.729	170.613	181.819	197.904	340.542	360.477	329.583	478.26	517.833	281.239
00:08:30	87.712	86.629	78.021	171.077	183.831	196.842	340.715	360.934	329.733	483.37	518.259	280.063
00:09:00	86.629	86.596	78.302	171.479	183.12	197.234	342.135	363.558	331.535	484.288	517.263	280.986
00:09:30	87.895	88.243	78.69	173.108	183.09	197.553	344.481	362.717	331.62	485.041	521.326	284.3
00:10:00	87.685	87.487	77.782	174.402	185.886	198.465	343.29	365.508	333.815	484.895	521.644	285.829
00:10:30	88.039	88.079	77.785	173.873	182.837	198.951	342.736	362.647	328.842	486.438	522.157	281.097
00:11:00	88.263	87.667	79.028	172.382	183.068	201.237	345.671	365.639	333.8	484.967	523.35	286.482
00:11:30	87.55	88.662	78.5	172.825	182.66	200.861	346.822	363.129	330.969	485.949	526.215	284.312
00:12:00	89.298	88.17	79.105	174.36	183.586	198.807	341.99	364.444	334.046	486.012	520.066	284.772
00:12:30	89.623	89.046	78.286	174.073	185.199	200.093	347.183	368.863	332.561	488.689	526.031	284.488
00:13:00	89.369	88.293	79.597	173.744	183.193	201.234	346.864	367.404	332.543	487.673	527.463	286.383
00:13:30	87.568	88.023	79.258	173.968	183.646	200.685	345.938	363.775	333.604	486.707	523.756	285.73
00:14:00	88.886	88.201	79.283	174.969	183.959	202.334	348.717	367.252	334.853	490.23	524.885	285.231
00:14:30	89.165	87.441	79.681	173.546	185.052	201.276	347.51	368.14	335.274	490.244	524.572	287.009
00:15:00	89.24	87.954	78.938	174.565	185.176	200.588	350.691	369.569	335.794	491.277	526.522	288.643
00:15:30	88.904	89.855	78.966	174.119	186.253	200.823	348.37	365.652	337.621	491.234	525.085	287.067
00:16:00	90.01	89.309	79.367	173.905	185.002	200.534	348.588	367.913	337.305	491.9	529.027	288.054
00:16:30	88.928	88.506	79.817	175.845	186.104	205.135	348.518	369.736	335.465	491.468	527.061	287.8
00:17:00	88.335	88.592	78.834	174.228	185.02	201.194	350.817	367.299	334.595	490.634	520.636	288.381
00:17:30	89.233	89.089	79.203	173.685	188.76	201.404	349.001	370.333	335.576	494.587	529.566	290.041
00:18:00	89.857	90.087	80.113	174.813	185.867	200.41	349.974	368.908	337.098	492.289	532.158	287.775
00:18:30	89.489	89.619	79.252	177.279	187.455	201.597	352.758	372.646	338.02	495.574	528.266	289.864
00:19:00	91.199	89.848	81.434	174.99	186.192	204.461	354.04	373.2	341.599	497.282	532.328	292.113
00:19:30	89.651	88.709	79.432	175.3	186.098	203.116	352.25	369.466	338.599	496.9	531.012	289.447
00:20:00	89.822	89.922	80.062	176.391	184.059	202.815	351.642	370.92	335.026	497.139	530.658	290.795
00:20:30	89.314	88.201	79.999	176.613	185.446	202.899	353.543	368.823	336.688	495.717	530.282	288.344
00:21:00	89.343	90.118	80.195	174.228	185.498	201.996	351.614	368.655	337.749	492.605	529.421	287.05
00:21:30	89.825	89.322	81.104	176.193	186.701	202.851	350.045	372.656	336.924	499.474	532.23	291.585
00:22:00	90.133	89.888	78.515	173.849	185.401	202.446	352.111	370.403	338.015	496.328	528.883	292.497
00:22:30	90.399	89.514	80.622	174.783	185.881	205.66	352.485	371.545	340.476	498.617	532.925	291.171
00:23:00	88.72	89.797	79.366	173.235	188.137	201.789	351.606	370.256	337.374	492.348	534.661	290.775
00:23:30	90.772	89.826	79.656	176.404	186.695	202.903	351.77	369.655	337.155	496.013	531.125	291.888
00:24:00	91.073	89.493	79.71	176.271	188.7	203.062	354.77	372.028	337.865	498.712	532.786	287.312
00:24:30	89.049	90.386	81.021	175.28	187.249	202.68	353.25	371.2	338.421	495.536	536.358	290.962
00:25:00	89.596	91.368	81.009	177.808	189.088	206.199	354.684	372.452	338.103	498.45	531.68	292.876
00:25:30	91.684	90.63	80.63	176.218	187.213	204.978	355.426	374.203	341.041	503.773	534.244	291.776
00:26:00	90.097	90.841	81.079	177.124	188.086	204.351	353.942	371.632	341.564	501.808	535.461	294.33
00:26:30	90.307	90.492	80.462	178.755	188.539	207.289	355.024	375.548	341.733	501.582	538.625	295.152
00:27:00	91.245	90.944	80.547	175.987	189.518	204.924	357.734	372.009	341.51	499.075	536.619	293.228
00:27:30	89.989	90.219	79.77	177.538	188.308	205.291	355.228	371.37	341.299	501.06	533.948	295.624
00:28:00	90.877	90.561	81.532	176.826	188.978	206.022	354.595	375.161	341.6	503.381	536.436	297.207
00:28:30	88.955	90.11	80.518	174.952	188.125	204.334	352.885	373.608	337.416	498.351	532.122	291.078
00:29:00	91.691	91.372	81.197	179.276	191.513	205.866	356.926	375.956	340.574	503.26	534.601	297.131
00:29:30	91.749	89.919	80.749	177.725	188.602	204.799	356.211	372.773	341.309	502.591	537.518	294.265
00:30:00	90.847	90.404	80.57	178.55	188.603	205.472	358.485	374.108	339.094	506.734	532.721	298.005
00:30:30	91.415	91.341	80.625	177.219	189.821	204.803	354.437	374.996	340.21	508.058	536.336	295.509
00:31:00	91.696	92.024	81.577	178.369	188.761	206.634	357.203	372.963	341.074	507.63	538.709	297.769
00:31:30	91.315	91.393	81.74	177.958	189.708	206.219	357.096	374.399	339.77	507.741	535.91	293.763
00:32:00	92.031	91.065	81.522	176.867	187.627	206.288	357.14	373.927	338.995	503.543	537.666	294.714
00:32:30	92.583	91.679	81.566	179.031	188.384	207.579	359.444	377.458	342.406	506.713	542.493	296.397
00:33:00	92.545	91.853	80.752	177.383	190.767	207.209	359.977	375.938	344.867	505.391	537.323	297.586
00:33:30	91.517	90.819	80.631	179.55	189.859	206.314	358.942	376.823	343.238	509.578	541.019	296.837
00:34:00	91.431	90.05	81.934	177.445	190.211	206.365	357.558	374.485	340.57	504.609	538.18	298.137
00:34:30	90.669	92.211	80.631	176.873	187.788	203.697	356.519	373.249	339.974	506.848	535.705	292.003
00:35:00	91.174	91.437	81.409	176.78	189.793	208.343	361.963	377.884	342.661	512.393	543.644	298.391
00:35:30	91.927	91.933	82.113	179.197	190.261	204.824	360.001	375.951	342.089	511.331	540.794	298.923
00:36:00	91.832	91.754	81.328	177.592	189.964	207.272	360.053	377.678	343.545	509.842	538.148	298.761
00:36:30	91.828	92.06	81.709	179.422	188.975	207.918	359.244	376.612	341.715	514.43	541.187	300.514
00:37:00	91.231	92.619	80.652	178.281	190.254	206.037	359.925	374.545	339.748	505.2	538.038	294.479
00:37:30	91.939	92.12	80.229	179.016	188.042	206.89	359.353	378.093	345.59	505.542	543.589	294.909
00:38:00	89.99	91.563	80.871	178.668	189.99	207.775	358.61	375	341.435	509.919	538.75	298.305
00:38:30	92.194	90.833	81.724	179.873	193.109	209.821	360.258	378.591	346.526	516.001	544.085	301.47
00:39:00	90.936	92.212	81.495	177.749	190.814	205.58	358.057	378.654	343.835	510.725	542.092	298.637
00:39:30	92.213	91.969	82.008	177.649	190.933	205.358	365.367	377.12	345.272	511.742	542.431	298.574
00:40:00	91.75	92.191	81.828	178.116	191.271	209.459	363.185	374.315	343.192	510.105	539.973	299.239
00:40:30	91.822	91.166	80.743	176.925	190.001	205.819	363.273	379.02	341.752	512.614	538.574	299.772
00:41:00	92.919	92.271	81.607	180.802	193.214	206.283	364.302	379.177	345.409	509.568	545.226	299.046
00:41:30	92.831	92.254	81.952	178.704	190.353	208.749	357.218	378.407	345.194	511.993	540.273	298.997
00:42:00	91.69	92.447	81.115	176.8	191.088	209.255	362.909	378.984	343.81	512.062	540.372	297.299
00:42:30	91.331	93.977	82.045	180.462	191.969	209.181	361.103	381.49	340.161	514.965	541.565	298.575
00:43:00	92.215	92.748	82.173	180.86	191.293	209.333	364.713	377.871	344.076	513.167	543.509	299.332
00:43:30	92.557	92.71	82.062	178.694	191.454	207.218	361.752	380.438	344.492	511.456	542.527	299.944
00:44:00	91.811	92.186	81.584	177.815	190.983	207.686	360.195	377.454	343.14	511.665	539.104	297.149
00:44:30	91.734	92.999	81.218	177.32	189.552	208.513	363.558	382.055	348.359	513.647	539.706	298.152
00:45:00	91.75	93.532	82.068	177.812	190.699	210.104	360.913	377.435	344.038	513.977	543.433	300.772
00:45:30	93.008	93.206	82.633	178.978	191.173	209.439	362.439	381.017	342.435	515.144	545.109	299.991
00:46:00	93.371	92.71	81.586	180.218	190.023	207.521	361.793	378.783	344.13	517.596	546.782	299.284
00:46:30	92.114	91.964	81.18	180.506	192.564	208.862	366.555	385.17	347.255	516.857	543.365	303.541
00:47:00	93.127	92.631	82.324	180.266	191.146	208.573	365.324	383.383	345.151	515.369	547.225	301.606
00:47:30	91.859	91.783	81.465	178.153	189.919	207.925	357.697	378.99	340.664	512.637	536.456	300.765
00:48:00	92.461	92.992	82.414	180.917	193.216	210.434	365.041	381.291	346.916	517.415	545.389	301.678
00:48:30	92.105	93.259	82.662	181.389	191.635	210.155	367.302	382.587	346.359	515.915	550.684	301.917
00:49:00	92.617	92.345	82.067	179.386	192.033	208.179	361.233	379.423	342.373	511.438	545.109	298.419
00:49:30	92.903	92.942	81.262	178.298	191.249	209.528	364.773	379.227	346.513	517.017	546.248	299.183
00:50:00	92.175	92.049	82.268	179.475	192.66	209.534	362.327	377.046	345.839	511.097	543.268	299.015
00:50:30	91.508	92.714	81.888	180.595	191.023	209.351	363.54	379.469	346.07	516.794	545.888	298.159
00:51:00	91.761	92.428	81.829	179.888	190.306	207.435	361.94	380.004	345.155	513.674	541.373	299.618
00:51:30	93.063	93.317	81.814	179.792	192.511	210.447	364.175	381.808	348.829	515.353	545.976	301.056
00:52:00	92.044	94.242	81.416	181.027	193.845	210.193	361.477	381.662	343.443	520.372	549.207	300.905
00:52:30	92.44	94.345	82.208	181.043	191.823	209.532	366.98	379.133	345.819	519.189	544.858	300.494
00:53:00	93.593	91.607	81.9	180.013	190.592	208.479	363.231	385.141	343.69	513.112	543.151	299.246
00:53:30	92.357	92.691	82.924	181.137	193.263	207.141	365.954	380.607	348.158	519.025	546.305	303.296
00:54:00	93.179	93.503	81.359	179.123	191.766	209.777	364.145	381.713	348.375	513.574	547.355	303.046
00:54:30	93.132	92.952	80.479	178.289	191.209	210.601	364.571	378.306	344.273	516.711	540.239	301.965
00:55:00	93.19	92.9	82.055	179.351	189.714	209.105	363.223	380.261	344.07	516.342	546.474	299.974
00:55:30	93.909	93.327	81.601	178.297	193.641	209.388	365.625	380.551	344.954	513.528	546.414	303.122
00:56:00	92.563	94.116	81.876	179.301	191.26	212.484	365.41	380.851	344.464	519.964	546.147	299.631
00:56:30	92.675	92.623	82.317	179.928	194.629	211.138	365.375	382.136	347.693	520.099	549.307	301.042
00:57:00	93.355	91.631	82.428	179.092	192.961	210.818	368.795	385.599	347.518	515.075	543.961	301.809
00:57:30	92.655	93.07	81.819	181.076	192.057	208.359	365.127	382.605	345.628	514.933	545.459	303.205
00:58:00	92.862	94.106	81.64	179.699	192.701	210.466	364.342	382.16	346.072	515.038	543.531	301.478
00:58:30	94.103	93.408	82.814	179.629	192.342	209.922	369.495	383.133	345.049	517.3	546.097	300.343
00:59:00	92.835	93.505	82.274	180.929	191.047	212.677	365.442	383.64	347.391	519.187	551.189	304.102
00:59:30	94.94	94.168	83.369	181.599	193.391	209.784	367.339	385.952	348.691	519.986	549.188	303.298