Time	25_1	25_2	25_3	50_1	50_2	50_3	100_1	100_2	100_3	150_1	150_2	150_3
00:00:00	85.866	83.744	87.953	182.796	183.627	186.458	344.481	367.419	363.21	606.771	615.236	568.646
00:00:30	87.566	84.092	89.593	184.319	186.301	187.349	345.355	369.609	363.835	611.5	624.482	573.569
00:01:00	86.908	84.429	90.074	182.81	185.353	189.448	347.657	372.143	363.528	610.858	624.531	571.644
00:01:30	88.896	84.705	91.903	185.003	189.035	190.788	351.74	371.599	369.466	619.469	628.546	582.905
00:02:00	88.024	84.55	90.768	187.268	187.944	191.28	349.766	374.985	364.811	617.001	631.139	580.125
00:02:30	88.257	85.922	91.95	187.174	188.863	190.669	350.282	372.306	369.219	617.321	626.717	584.317
00:03:00	87.594	84.648	91.14	185.218	188.324	193.304	353.409	375.757	369.034	620.741	627.579	585.373
00:03:30	88.398	84.23	91.914	186.893	189.49	190.956	351.865	374.674	370.372	619.894	632.404	588.273
00:04:00	88.252	86.259	91.99	187.796	189.886	193.382	354.713	376.4	372.397	617.412	628.236	585.496
00:04:30	87.19	86.282	92.179	186.348	187.34	191.853	352.265	377.191	370.254	619.487	628.581	585.167
00:05:00	88.787	85.147	93.558	187.876	190.463	192.582	351.229	377.677	368.949	626.379	634.702	586.127
00:05:30	88.08	87.074	92.69	186.93	192.615	191.916	354.181	377.578	370.086	619.606	635.204	589.634
00:06:00	88.058	86.404	93.087	190.135	192.951	194.762	355.742	379.408	374.924	628.964	633.64	593.464
00:06:30	88.649	86.419	93.436	188.079	192.06	194.734	355.241	377.603	373.659	621.583	641.283	592.648
00:07:00	89.723	85.863	93.225	189.75	192.605	195.647	358.248	381.714	376.428	627.086	639.929	592.928
00:07:30	88.059	85.996	93.54	189.151	191.705	194.672	357.576	379.821	372.975	624.2	643.34	591.164
00:08:00	88.783	86.172	93.646	189.541	189.633	193.339	355.593	376.334	374.935	621.679	638.53	588.818
00:08:30	89.585	86.915	94.899	187.234	190.61	194.771	354.145	379.917	373.101	626.21	633.234	588.419
00:09:00	88.337	87.713	93.427	188.565	192.036	194.3	353.478	382.312	374.015	629.435	637.092	589.554
00:09:30	89.44	86.497	93.089	189.351	192.21	195.139	358.14	381.755	376.337	635.567	645.519	597.512
00:10:00	89.758	87.062	93.973	190.071	191.606	194.744	360.362	383.416	376.587	630.088	644.914	596.744
00:10:30	89.887	86.4	92.06	188.979	190.689	194.28	356.078	379.125	374.795	624.199	643.497	590.846
00:11:00	89.47	86.826	94.314	190.514	193.307	196.797	357.098	381.651	379.679	633.4	644.59	593.83
00:11:30	88.53	86.181	92.894	190.624	193.594	197.05	356.935	380.306	376.716	627.517	645.614	591.195
00:12:00	88.877	86.186	93.118	191.499	192.952	195.958	362.417	381.238	377.223	628.285	647.693	593.733
00:12:30	89.435	88.256	93.995	190.915	193.411	197.275	360.366	386.062	379.306	634.25	647.341	601.509
00:13:00	89.463	87.279	93.77	192.391	192.324	199.347	358.585	389.287	378.966	633.583	646.04	599.37
00:13:30	89.959	87.975	94.455	190.183	191.654	195.197	360.056	384.651	376.542	630.379	646.165	593.335
00:14:00	89.68	87.996	93.466	188.445	193.559	197.135	361.974	382.792	380.279	634.048	645.89	596.597
00:14:30	89.492	87.318	94.61	191.647	191.966	196.27	359.41	385.248	380.957	631.949	649.367	599.873
00:15:00	89.687	88.232	93.491	192.843	194.051	198.45	363.607	384.08	377.406	643.082	649.651	605.44
00:15:30	88.608	87.067	94.351	191.136	192.205	194.743	359.409	381.492	373.185	635.92	645.015	599.59
00:16:00	90.042	87.906	95.109	193.311	194.568	198.502	362.08	388.786	378.61	636.835	651.426	604.577
00:16:30	89.272	88.068	94.22	190.397	192.42	198.225	359.453	387.182	375.886	636.719	653.799	604.028
00:17:00	90.293	88.685	94.491	189.064	194.064	197.032	359.784	385.804	377.738	634.755	646.626	603.88
00:17:30	90.901	88.198	96.024	192.673	194.14	198.88	360.316	385.388	376.442	636.337	650.656	605.652
00:18:00	90.071	89.016	95.05	191.362	195.568	198.706	360.571	389.354	380.091	635.354	649.293	601.625
00:18:30	90.913	88.398	95.104	191.82	194.603	197.266	363.354	387.203	377.892	642.933	652.053	605.136
00:19:00	90.374	88.399	96.167	192.595	193.031	201.996	362.865	389.04	382.049	638.961	657.195	606.945
00:19:30	90.333	87.967	96.23	191.181	194.889	199.487	362.032	384.4	379.533	640.508	656.185	604.447
00:20:00	91.351	89.764	95.146	192.889	195.194	198.758	358.157	387.662	379.095	637.145	651.057	606.116
00:20:30	90.423	88.45	94.565	191.252	194.431	198.095	363.269	386.231	378.924	638.879	651.725	604.373
00:21:00	89.291	88.005	95.247	191.815	195.937	199.381	360.672	388.995	375.68	638.74	651.162	606.868
00:21:30	90.777	89.117	95.079	193.493	196.098	200.263	362.328	388.868	382.251	641.425	654.768	606.304
00:22:00	90.226	88.894	95.454	193.007	193.011	195.774	362.621	384.314	379.681	611.422	653.32	602.988
00:22:30	91.232	89.243	95.263	191.928	195.876	201.487	365.172	390.074	382.076	613.791	652.496	609.315
00:23:00	90.814	88.299	95.406	189.137	194.902	197.681	359.934	384.407	378.312	607.54	646.53	602.829
00:23:30	90.089	87.716	95.826	191.18	194.937	198.497	361.149	387.34	378.535	609.627	651.563	601.031
00:24:00	91.855	89.329	95.402	193.318	195.847	199.798	361.037	388.759	376.002	610.939	656.115	609.774
00:24:30	91.599	89.529	94.765	192.162	196.618	199.834	361.501	388.389	378.342	614.141	653.251	611.817
00:25:00	89.988	89.591	95.121	192.392	196.459	200.474	366.793	394.182	378.682	614.593	652.169	603.338
00:25:30	91.283	90.247	96.733	196.075	195.89	202.688	364.823	391.157	383.456	618.468	658.757	612.324
00:26:00	91.416	88.804	95.837	194.941	195.984	200.077	365.097	392.957	380.933	616.176	653.72	613.885
00:26:30	91.809	89.523	95.038	193.11	196.302	202.712	365.884	388.512	382.23	614.869	655.534	611.74
00:27:00	91.134	88.565	95.236	193.812	195.938	200.621	363.053	394.687	380.831	614.233	653.295	607.954
00:27:30	90.888	89.799	94.999	193.664	195.51	200.106	362.943	389.045	380.922	615.933	657.211	607.95
00:28:00	92.601	90.614	96.702	194.829	196.6	203.384	367.509	390.912	383.877	617.105	660.813	613.016
00:28:30	89.997	88.718	94.889	190.675	195.916	197.068	360.818	385.363	377.344	610.795	652.206	605.446
00:29:00	92.6	89.865	95.833	192.988	196.498	201.552	367.812	393.303	382.703	621.24	660.22	615.528
00:29:30	91.689	88.751	95.482	193.271	195.677	201.277	364.709	391.148	381.402	613.236	660.142	613.208
00:30:00	90.565	89.605	96.946	195.859	198.832	201.212	364.168	390.568	383.983	613.764	656.699	611.5
00:30:30	91.326	88.878	96.18	193.994	199.663	199.638	364.569	390.353	383.6	612.715	657.474	609.772
00:31:00	91.166	89.303	95.886	193.789	198.12	199.698	362.552	391.478	382.894	615.572	659.332	612.387
00:31:30	91.047	89.447	94.571	195.158	199.2	200.695	364.365	392.601	383.308	619.716	658.845	618.557
00:32:00	90.848	90.788	95.124	192.671	196.905	200.478	365.537	389.858	384.758	619.194	658.647	614.15
00:32:30	91.889	89.493	95.587	193.956	199.019	199.369	365.232	390.339	383.127	616.583	660.808	612.408
00:33:00	91.466	89.756	96.054	194.224	196.763	202.492	367.229	392.377	386.445	616.69	654.949	616.118
00:33:30	90.091	90.55	95.245	194.497	197.449	201.571	366.107	389.933	378.814	615.122	657.575	611.587
00:34:00	91.17	90.053	96.187	193.299	198.098	203.052	364.211	391.999	383.596	619.047	655.401	615.028
00:34:30	90.838	88.963	94.397	192.002	195.74	199.4	360.777	385.424	382.304	612.264	653.753	608.558
00:35:00	92.537	90.216	96.94	194.794	197.617	200.552	367.918	392.058	382.794	614.418	657.794	614.474
00:35:30	92.522	91.092	96.583	195.666	197.047	201.89	367.195	392.677	384.581	619.575	663.18	616.631
00:36:00	90.996	90.289	96.017	193.504	196.5	199.986	368.103	393.569	384.327	616.492	659.024	617.578
00:36:30	92.516	90.561	95.225	195.401	197.973	199.85	368.175	391.29	382.465	617.938	662.86	618.209
00:37:00	91.962	90.53	96.145	194.968	194.65	199.963	364.807	394.65	381.55	618.74	658.452	613.357
00:37:30	89.923	89.679	94.873	193.387	197.366	199.263	365.917	393.03	380.897	615.544	660.569	613.377
00:38:00	90.65	89.597	96.036	192.848	196.994	201.798	365.361	392.036	381.766	616.994	660.499	614.452
00:38:30	91.271	90.024	95.46	195.074	200.634	202.375	366.795	397.837	387.5	620.191	661.888	616.848
00:39:00	92.445	91.022	96.594	194.897	196.307	203.364	365.305	390.661	382.175	619.644	662.056	617.758
00:39:30	92.446	88.896	96.791	194.77	196.714	202.058	367.362	393.504	382.475	619.976	662.388	615.375
00:40:00	90.667	89.369	97.288	194.061	197.198	201.494	366.01	394.545	379.851	623.588	655.556	617.857
00:40:30	90.906	90.255	95.492	194.138	198.643	200.456	366.289	392.676	384.419	616.707	659.293	614.316
00:41:00	92.818	89.579	96.897	196.065	198.942	204.896	367.817	394.625	385.061	621.825	660.489	619.013
00:41:30	91.165	90.142	95.081	192.017	197.692	200.502	367.394	394.345	383.909	617.661	656.608	613.318
00:42:00	91.305	90.312	96.182	195.67	196.681	202.135	367.265	393.161	385.398	622.961	664.15	618.854
00:42:30	92.072	90.678	96.777	193.685	197.688	204.414	369.496	396.185	384.772	621.68	661.25	621.163
00:43:00	92.701	90.602	96.698	194.547	198.578	203.78	367.379	392.538	383.878	623.873	663.545	625.583
00:43:30	92.224	90.205	96.037	195.805	196.476	200.9	369.601	393.705	386.698	621.086	661.633	623.994
00:44:00	91.023	89.837	96.235	193.593	196.55	203.699	365.688	394.781	384.465	615.046	653.879	613.882
00:44:30	91.543	89.944	97.45	197.784	197.949	202.848	368.561	395.011	386.511	620.13	662.448	617.374
00:45:00	91.853	91.51	95.669	194.357	196.563	201.149	366.29	396.461	383.319	618.448	660.262	618.642
00:45:30	91.562	90.529	97.016	198.842	201.423	203.392	364.987	398.905	383.967	626.559	662.187	618.508
00:46:00	90.979	89.763	97.927	193.614	198.7	201.557	367.436	398.035	383.396	618.907	662.146	619.245
00:46:30	92	91.366	97.364	194.338	198.569	204.136	367.382	398.298	386.503	619.561	665.605	625.771
00:47:00	91.473	89.596	95.666	195.329	198.337	202.958	367.1	394.896	383.238	619.725	659.349	619.043
00:47:30	91.934	89.224	96.028	194.224	198.341	203.484	364.037	391.061	382.835	617.801	655.806	613.992
00:48:00	92.169	91.197	96.071	197.153	198.927	203.711	368.564	398.679	384.827	623.274	665.026	620.48
00:48:30	92.233	90.895	96.356	195.047	198.286	202.679	369.3	394.797	386.899	622.403	672.848	621.42
00:49:00	92.365	90.71	96.394	194.699	197.474	201.309	366.635	395.348	381.274	619.468	659.195	617.074
00:49:30	90.332	90.6	96.046	194.549	198.593	201.778	366.34	396.624	382.877	622.872	667.323	616.684
00:50:00	91.546	91.661	96.397	198.309	198.893	202.174	366.291	395.768	384.589	623.702	664.992	621.773
00:50:30	92.146	91.629	97.37	195.863	197.313	204.242	368.713	394.669	385.717	621.032	659.525	617.164
00:51:00	90.546	90.218	96.285	196.245	199.299	202.226	368.043	394.546	382.594	623.067	660.927	619.799
00:51:30	92.9	90.649	95.633	195.802	197.305	203.023	367.268	396.51	384.05	626.13	663.594	622.412
00:52:00	92.274	91.103	96.699	194.55	199.874	205.161	369.246	398.215	381.492	624.517	667.388	627.094
00:52:30	91.646	92.085	95.989	196.389	200.208	202.6	369.223	397.528	384.726	620.672	668.721	621.79
00:53:00	91.47	89.508	96.087	195.07	198.737	204.328	366.003	395.027	384.004	621.144	667.917	623.014
00:53:30	93.267	91.319	95.838	193.775	197.453	205.552	369.225	395.589	382.113	624.614	675.422	620.76
00:54:00	91.64	89.821	97.49	198.352	197.519	202.946	368.688	399.705	384.961	627.325	677.464	623.138
00:54:30	91.725	89.884	95.845	194.686	199.034	203.244	365.047	391.583	381.189	618.619	663.678	616.877
00:55:00	90.351	92.083	96.939	194.599	197.499	202.485	365.853	394.779	383.914	621.552	665.79	623.33
00:55:30	91.474	90.261	98.16	196.738	199.318	203.85	368.251	398.702	384.74	625.279	669.384	627.088
00:56:00	92.789	91.905	97.131	195.673	199.459	203.815	368.096	398.266	384.427	621.142	663.922	618.789
00:56:30	92.325	89.997	96.152	196.31	198.608	204.445	366.446	397.457	385.147	626.688	664.793	626.815
00:57:00	91.79	90.633	97.335	196.247	198.083	204.079	370.128	399.326	382.642	623.921	664.591	622.188
00:57:30	91.392	90.242	96.642	193.152	197.09	203.17	369.37	395.95	381.4	621.163	661.332	617.607
00:58:00	90.809	89.826	95.502	195.379	198.178	201.434	366.552	395.351	384.261	619.29	665.083	617.46
00:58:30	91.438	92.064	96.856	194.636	198.051	203.233	368.349	396.055	383.059	621.493	663.605	622.173
00:59:00	92.879	91.5	96.287	195.133	198.323	204.696	368.274	395.432	382.109	623.296	664.564	620.595
00:59:30	92.029	90.568	97.409	193.466	198.404	203.506	366.886	396.011	383.563	625.751	669.587	617.575