Time	25_1	25_2	25_3	50_1	50_2	50_3	100_1	100_2	100_3	150_1	150_2	150_3
00:00:00	85.202	82.061	86.741	186.242	181.593	186.668	409.115	359.076	402.325	629.245	584.833	550.087
00:00:30	87.383	82.988	87.15	188.893	181.898	190.351	412.179	363.243	405.082	630.856	589.901	550.951
00:01:00	87.116	83.058	88.917	188.912	182.715	187.585	411.61	365.364	408.206	634.933	600.714	545.324
00:01:30	88.386	83.295	90.293	188.44	182.34	188.902	420.1	369.625	409.241	633.787	605.7	555.081
00:02:00	88.42	83.71	90.486	190.467	184.519	191.856	420.867	372.194	415.574	636.736	603.156	555.833
00:02:30	88.422	82.621	89.025	188.825	183.671	188.347	423.339	367.272	411.602	644.619	606.761	555.482
00:03:00	88.335	84.047	90.18	191.879	184.685	191.072	425.179	371.061	414.035	643.101	609.886	556.293
00:03:30	88.93	85.154	92.675	191.064	185.343	190.321	426.161	368.902	411.873	642.42	610.22	556.169
00:04:00	88.838	84.66	90.618	190.934	186.642	193.013	429.092	371.194	413.127	646.098	612.307	556.454
00:04:30	89.463	84.344	90.936	192.691	187.093	192.641	432.531	371.205	414.489	648.673	611.926	560.092
00:05:00	87.426	84.392	91.493	191.438	185.993	192.593	431.791	373.287	415.122	642.977	610.807	562.337
00:05:30	89.011	83.837	91.38	191.626	185.111	192.099	433.329	373.4	415.987	642.235	609.705	556.803
00:06:00	89.699	85.055	92.577	192.084	187.435	195.454	433.102	373.533	417.125	645.527	614.3	561.335
00:06:30	89.02	85.545	90.654	191.215	186.349	192.3	433.909	372.148	418.217	648.548	616.749	563.621
00:07:00	90.463	87.181	91.993	194.617	186.581	193.557	435.136	377.836	419.292	652.801	617.055	565.684
00:07:30	89.166	86.19	93.186	194.477	188.241	193.689	438.12	376.993	423.234	652.774	617.901	565.808
00:08:00	89.004	85.909	91.269	192.969	186.886	192.974	434.133	376.004	416.48	651.259	619.348	562.296
00:08:30	90.576	85.768	93.284	193.652	187.176	192.664	437.13	375.967	419.449	645.954	611.008	560.076
00:09:00	90.641	84.755	93.394	192.155	187.358	195.085	439.63	380.32	420.737	648.849	618.662	562.295
00:09:30	90.673	86.626	92.195	194.518	188.79	194.684	439.939	377.115	419.377	649.587	624.135	561.653
00:10:00	89.856	86.711	92.482	195.891	189.626	195.913	441.204	377.065	425.965	654.012	625.352	565.29
00:10:30	89.544	85.66	92.536	192.548	188.182	194.272	439.534	376.833	420.091	652.159	619.98	564.638
00:11:00	90.937	87.443	92.919	195.082	191.303	197.017	441.298	381.205	420.418	660.353	626.67	569.666
00:11:30	89.849	86.222	93.387	194.496	190.182	192.68	444.059	375.856	420.86	654.311	622.872	563.068
00:12:00	92.001	86.075	92.455	195.393	190.801	192.874	442.155	377.734	424.16	657.059	626.305	565.397
00:12:30	91.432	87.32	92.832	193.278	190.044	196.158	445.357	382.119	423.12	660.187	623.003	569.432
00:13:00	90.98	87.305	94.557	194.865	192.787	196.336	446.049	380.974	427.669	659.14	625.887	568.438
00:13:30	89.622	87.076	92.415	195.526	189.105	194.774	441.318	380.324	424.488	655.713	624.037	565.201
00:14:00	90.101	86.705	93.847	195.209	189.754	196.304	444.413	379.793	427.095	653.618	628.78	568.184
00:14:30	92.157	86.494	92.966	196.969	191.524	197.541	446.975	380.677	429.399	660.407	628.164	567.688
00:15:00	91.845	87.093	94.44	196.292	192.782	195.342	445.656	383.392	429.628	660.587	631.475	566.722
00:15:30	90.624	88.016	94.08	194.21	191.023	195.479	449.924	381.18	429.534	654.976	626.335	564.753
00:16:00	91.189	86.567	94.902	196.56	192.084	196.217	449.721	383.069	429.468	660.409	629.281	570.923
00:16:30	90.949	87.714	93.93	196.805	192.492	195.581	450.577	380.042	428.56	659.238	633.883	570.538
00:17:00	90.781	87.556	93.883	195.634	190.359	195.883	446.935	380.056	425.323	658.068	625.215	565.079
00:17:30	90.46	88.243	95.058	197.391	191.387	196.412	449.63	381.951	428.518	661.316	630.355	567.482
00:18:00	92.64	87.857	95.009	197.592	192.139	199.351	448.867	381.7	430.576	658.818	633.342	568.586
00:18:30	91.626	87.288	94.093	197.488	193.285	195.417	452.823	383.809	429.499	663.884	631.782	570.257
00:19:00	92.061	89.158	96.023	199.693	194.441	200.233	452.702	384.917	431.352	667.853	637.602	575.705
00:19:30	91.817	87.465	95.635	197.956	191.075	197.144	452.674	382.337	429.396	668.515	637.973	570.508
00:20:00	91.668	86.309	93.872	198.106	192.488	195.742	449.744	381.977	430.95	660.815	627.564	574.731
00:20:30	91.617	86.987	95.776	196.782	190.403	196.002	451.903	381.591	429.482	658.074	632.581	568.59
00:21:00	92.469	88.822	94.255	195.883	191.001	193.972	450.096	382.682	429.107	660.899	630.985	567.199
00:21:30	91.713	87.865	95.859	197.252	190.667	197.556	456.374	381.56	434.892	661.006	629.918	570.585
00:22:00	90.896	86.673	94.428	197.049	191.633	195.98	453.407	384.18	432.197	664.549	632.621	567.552
00:22:30	91.834	86.533	96.038	197.619	193.191	198.441	450.593	383.771	432.767	657.748	635.79	566.525
00:23:00	91.595	87.847	94.631	197.046	193.827	197.333	450.928	381.964	428.285	657.169	627.532	565.616
00:23:30	92.166	88.235	94.944	195.783	192.152	196.151	450.51	380.859	431.649	661.752	631.552	572.334
00:24:00	91.368	87.027	95.432	198.712	194.443	197.92	452.215	384.438	433.734	664.676	633.866	570.092
00:24:30	91.946	89.568	95.608	196.912	193.885	198.308	456.133	384.377	434.127	661.527	632.43	569.616
00:25:00	90.659	88.097	94.99	198.029	195.527	196.284	455.008	383.768	434.675	662.412	633.547	570.785
00:25:30	92.41	89.205	94.464	199.293	191.982	198.633	457.954	389.322	434.26	671.084	634.336	577.104
00:26:00	92.488	88.679	94.946	200.076	193.341	196.754	459.885	388.02	435.925	668.228	635.149	571.686
00:26:30	92.184	88.81	93.994	201.233	194.761	197.987	459.207	386.351	436.607	669.391	635.712	572.22
00:27:00	91.75	88.741	94.876	200.073	195.49	198.996	455.076	388.71	435.584	670.829	635.98	573.832
00:27:30	91.679	87.109	94.669	195.886	194.116	199.12	456.412	384.61	433.534	663.339	634.73	572.183
00:28:00	92.124	87.551	96	198.901	196.13	198.942	457.046	385.12	433.3	665.602	641.936	575.493
00:28:30	92.415	86.41	95.023	196.768	191.745	195.192	453.273	382.411	436.958	660.525	634.298	566.574
00:29:00	92.459	89.907	95.503	201.218	198.114	199.601	459.638	389.359	435.184	672.198	641.415	577.46
00:29:30	92.276	87.564	95.377	199.157	194.717	200.921	457.28	383.626	433.897	666.04	642.034	573.88
00:30:00	91.685	87.668	94.303	196.967	192.556	197.355	453.907	385.629	436.162	669.063	636.867	575.884
00:30:30	92.093	87.649	95.724	196.989	192.991	200.219	460.515	382.764	434.606	669.057	637.468	571.921
00:31:00	91.95	87.092	96.208	198.386	192.744	200.046	458.812	385.016	433.996	668.853	639.9	572.852
00:31:30	92.461	88.611	96.328	199.073	193.847	198.283	461.107	385.013	438.57	669.284	645.178	570.224
00:32:00	92.364	88.268	95.393	197.687	194.23	199.644	461.246	383.391	438.294	664.736	640.105	573.128
00:32:30	92.255	88.519	96.715	199.831	193.823	198.943	466.867	388.684	434.781	669.178	645.837	576.236
00:33:00	93.246	87.322	97.043	199.695	194.612	200.792	460.776	386.401	438.699	667.655	641.158	573.93
00:33:30	93.069	88.395	96.141	199.443	192.291	199.126	458.592	388.714	437.466	671.984	640.216	573.87
00:34:00	92.724	88.346	95.669	199.006	193.714	199.407	459.003	385.88	438.946	671.034	642.603	575.014
00:34:30	92.306	87.544	94.94	196.573	194.911	196.759	457.052	385.468	436.548	662.124	634.044	567.055
00:35:00	92.881	89.177	95.696	201.197	194.374	199.034	455.785	389.75	439.126	672.006	640.394	577.929
00:35:30	92.299	88.564	95.917	200.09	196.988	198.746	460.612	391.445	436.574	666.21	646.273	574.212
00:36:00	93.316	89.103	96.014	198.631	196.405	198.212	461.121	388.148	437.272	667.427	641.461	572.29
00:36:30	93.362	87.632	97.268	200.501	195.173	198.271	461.414	389.12	438.654	673.696	645.351	579.239
00:37:00	93.954	89.107	96.674	199.373	195.172	196.228	458.022	389.168	436.942	669.863	642.142	575.042
00:37:30	93.761	88.258	95.859	199.68	193.52	198.916	458.888	387.771	441.932	671.005	642.944	568.065
00:38:00	93.581	87.852	94.888	199.785	194.203	199.007	460.069	388.492	436.301	668.206	643.45	573.359
00:38:30	93.457	88.531	95.782	200.542	198.05	200.634	462.525	386.779	441.351	674.766	642.772	581.739
00:39:00	93.342	88.639	95.581	202.123	194.283	200.641	462.947	390.869	439.487	673.238	643.053	580.178
00:39:30	93.798	88.377	95.48	200.557	195.357	198.828	462.432	391.167	437.027	670.244	641.846	571.811
00:40:00	92.976	88.336	95.276	200.821	195.498	200.517	461.16	386.694	437.843	673.377	644.299	580.303
00:40:30	93.401	88.645	96.803	198.416	196.097	199.517	462.421	386.631	440.743	673.235	644.952	575.707
00:41:00	92.866	90.165	96.021	201.958	196.343	198.624	466.029	391.61	440.92	676.6	646.277	577.681
00:41:30	94.083	87.388	96.853	198.832	195.844	198.175	461.312	388.38	437.874	673.571	646.157	574.536
00:42:00	93.028	88.887	96.036	198.937	194.552	199.403	459.166	386.832	439.363	674.019	644.502	572.027
00:42:30	93.482	88.594	96.991	199.165	196.927	198.35	466.775	392.179	439.198	677.588	642.214	580.62
00:43:00	93.426	89.238	97.071	199.932	194.675	199.237	466.716	390.905	441.719	678.158	642.548	576.359
00:43:30	93.733	88.624	96.005	198.961	194.189	201.588	463.361	388.309	440.484	675.45	641.816	576.875
00:44:00	91.372	88.056	95.938	200.691	195.718	197.835	457.633	387.859	436.467	668.988	639.119	578.145
00:44:30	92.397	88.235	96.15	200.131	197.434	200.309	460.598	389.847	439.685	676.336	642.144	580.294
00:45:00	93.769	87.717	95.142	202.612	197.272	200.114	462.605	388.896	439.171	675.143	639.543	576.322
00:45:30	94.041	89.956	96.01	200.444	196.966	200.089	466.102	391.279	443.825	683.024	644.913	580.641
00:46:00	93.048	89.798	96.18	201.495	195.236	199.651	460.678	389.55	439.082	679.716	641.098	582.843
00:46:30	92.748	88.688	96.515	202.692	196.335	200.051	462.221	389.82	442.123	680.563	643.082	579.547
00:47:00	93.291	89.201	95.747	199.91	196.483	199.31	459.452	391.355	438.182	676.472	639.774	581.531
00:47:30	91.624	88.012	94.87	201.053	194.116	197.606	458.735	383.655	439.514	677.754	638.796	579.417
00:48:00	93.392	89.186	97.053	202.411	195.122	201.763	466.599	391.21	444.092	685.31	645.584	585.009
00:48:30	93.304	88.129	95.861	200.886	194.809	201.84	468.352	394.79	444.189	685.294	646.502	583.165
00:49:00	93.359	88.669	95.893	199.476	195.847	200.921	462.243	390.601	443.645	674.588	641.316	577.388
00:49:30	93.754	87.863	95.655	202.972	197.08	199.718	463.7	392.121	446.723	679.029	643.937	581.221
00:50:00	93.138	88.719	95.328	199.17	198.523	199.275	468.812	391.65	437.759	685.335	645.297	581.487
00:50:30	93.485	88.785	96.355	200.092	196.114	198.417	468.744	388.734	439.93	682.436	641.992	577.437
00:51:00	91.71	88.484	96.245	200.969	196.901	198.374	462.45	391.462	441.149	675.772	644.179	574.708
00:51:30	92.931	89.241	96.545	199.766	196.286	199.474	468.455	392.122	445.367	683.461	642.825	579.822
00:52:00	92.849	89.535	97.413	202.812	199.468	200.816	463.854	392.078	442.594	686.389	642.462	578.479
00:52:30	93.601	89.202	97.114	199.436	197.551	201.427	468.742	391.762	441.685	685.54	645.221	580.278
00:53:00	92.453	89.113	97.128	201.84	197.529	199.559	463.604	387.483	442.007	679.133	637.588	582.207
00:53:30	93.92	90.531	95.115	200.681	197.131	199.064	468.494	392.136	442.692	686.271	646.967	584.494
00:54:00	93.95	89.26	96.758	200.31	196.89	200.89	464.684	389.406	443.945	680.988	644.492	581.033
00:54:30	93.588	89.39	96.286	199.384	197.285	200.137	460.307	392.452	443.115	680.947	642.781	575.759
00:55:00	93.709	89.034	95.673	201.525	195.993	201.818	466.506	389.671	439.284	682.61	640.756	580.739
00:55:30	94.856	88.285	97.002	199.961	196.696	202.498	468.865	393.174	445.421	693.091	649.109	581.961
00:56:00	93.288	88.776	97.031	202.493	195.681	201.027	466.019	392.661	442.453	698.551	644.934	581.596
00:56:30	93.9	88.327	96.868	201.007	196.422	200.126	462.643	391.978	446.101	688.145	644.526	583.901
00:57:00	93.279	88.573	97.037	200.479	197.271	201.012	468.5	390.659	446.52	695.096	644.062	581.762
00:57:30	93.551	88.128	96.864	198.844	197.011	199.553	463.965	390.577	445.399	688.632	644.709	581.362
00:58:00	93.119	88.426	96.747	202.683	196.38	198.958	466.008	388.273	444.425	686.768	642.99	573.02
00:58:30	92.798	89.058	97.295	202.061	196.593	201.454	464.038	390.525	443.447	688.255	639.838	580.422
00:59:00	92.86	89.626	96.455	201.898	197.139	200.048	464.055	390.891	445.363	700.415	648.187	578.369
00:59:30	92.447	90.165	97.949	202.36	198.114	200.649	469.797	389.713	444.535	696.069	645.62	583.234