Time	25_1	25_2	25_3	50_1	50_2	50_3	100_1	100_2	100_3	150_1	150_2	150_3
00:00:00	86.249	86.741	94.655	187.414	184.494	183.794	361.791	374.64	363.4	617.716	657.802	536.142
00:00:30	86.774	85.723	94.363	186.613	187.897	186.151	364.66	378.033	367.93	623.801	663.293	537.842
00:01:00	86.323	88.415	94.111	186.172	188.26	188.227	362.086	379.019	364.003	630.098	667.998	538.801
00:01:30	88.351	88.357	94.267	188.148	189.671	190.271	367.144	380.899	368.428	632.585	676.335	540.864
00:02:00	87.163	89.291	94.147	187.97	190.016	192.105	367.41	383.263	371.53	636.366	680.049	545.89
00:02:30	87.217	89.232	93.317	187.404	189.822	190.971	369.28	384.748	367.325	634.137	681.228	548.415
00:03:00	88.186	89.168	94.565	189.869	189.842	192.347	370.135	385.77	372.76	640.583	684.815	550.103
00:03:30	87.253	89.472	95.333	188.224	190.841	192.453	372.351	388.512	368.541	638.494	689.907	551.786
00:04:00	88.983	89.846	95.402	189.673	193.538	194.457	372.133	389.442	373.49	643.385	687.56	551.809
00:04:30	89.934	90.241	97.583	190.55	191.462	194.21	373.553	389.741	373.102	647.177	692.956	550.628
00:05:00	88.739	89.117	95.38	190.226	190.429	195.469	373.201	389.967	370.599	642.97	693.06	547.182
00:05:30	88.446	89.714	96.217	189.387	190.38	194.354	374.848	389.471	373.142	644.315	690.614	551.45
00:06:00	89.106	90.981	96.281	191.8	191.319	197.358	372.627	391.859	372.901	647.975	699.147	557.489
00:06:30	89.059	90.234	97.313	191.59	193.44	195.064	374.069	387.424	374.73	643.871	695.554	552.201
00:07:00	91.176	89.433	97.865	195.139	197.224	197.019	376.596	396.597	378.188	652.205	700.675	555.591
00:07:30	90.495	91.257	98.127	192.958	194.715	194.93	377.982	392.881	378.331	650.199	705.908	554.023
00:08:00	89.761	91.038	97.73	193.742	193.536	194.785	372.819	390.294	378.063	649.212	702.295	554.064
00:08:30	90.157	90.035	97.217	192.349	194.47	195.766	373.198	392.902	375.34	653.434	702.128	555.996
00:09:00	89.716	91.017	98.308	192.449	193.623	196.725	378.851	395.807	380.394	648.637	705.007	555.921
00:09:30	90.731	91.743	98.121	193.804	193.196	198.602	374.584	393.089	378.403	654.38	706.089	558.237
00:10:00	90.948	91.318	98.518	195.295	194.503	197.795	380.723	394.063	377.748	656.016	710.458	559.929
00:10:30	88.93	91.446	98.039	194.555	193.368	196.307	377.905	394.677	379.586	650.112	703.413	555.797
00:11:00	90.833	91.808	97.924	195.115	195.448	199.609	379.648	397.706	382.041	656.925	713.425	562.024
00:11:30	90.271	91.724	97.732	193.686	194.267	198.483	380.01	396.237	378.159	653.698	709.268	559.97
00:12:00	91.231	91.714	98.551	193.797	194.589	198.175	377.932	397.313	379.664	659.766	712.724	564
00:12:30	89.713	92.517	99.46	194.858	196.328	197.884	377.283	398.575	380.7	660.999	715.525	563.19
00:13:00	91.558	91.842	99.495	194.89	195.942	200.606	382.21	398.231	380.458	665.876	714.897	560.667
00:13:30	90.186	91.293	98.493	195.092	196.884	199.033	379.651	395.665	383.291	660.622	712.359	558.78
00:14:00	90.896	92.726	98.568	195.691	196.253	198.439	381.572	399.206	379.92	658.697	714.058	569.613
00:14:30	90.754	92.254	98.915	195.752	195.756	199.016	383.143	395.318	383.873	661.509	718.63	564.974
00:15:00	92.42	92.441	99.961	196.779	196.829	201.246	384.568	399.933	381.999	663.821	716.229	567
00:15:30	91.183	91.737	100.362	195.837	197.29	199.556	382.781	401.757	381.696	661.215	719.244	564.739
00:16:00	92.286	94.249	98.54	195.229	197.064	201.747	384.783	398.79	382.784	669.262	715.14	569.631
00:16:30	92.569	93.856	99.78	195.813	197.021	200.895	383.437	400.277	386.68	667.383	724.4	569.632
00:17:00	91.44	93.468	98.227	196.886	196.06	197.697	380.105	398.721	383.211	662.824	719.626	564.728
00:17:30	92.702	93.294	99.201	196.444	198.286	201.294	382.756	400.026	383.019	664.271	719.122	569.27
00:18:00	90.893	92.336	99.163	196.159	197.011	201.996	382.422	402.231	384.181	665.454	723.543	567.532
00:18:30	92.13	92.882	99.429	196.482	199.038	200.181	388.431	400.096	385.56	668.646	723.937	569.103
00:19:00	92.469	93.983	98.799	196.998	198.744	200.459	385.141	401.587	385.529	672.741	723.17	574.023
00:19:30	90.941	93.15	100.31	197.782	198.254	200.75	385.859	399.965	386.176	669.277	719.948	574.799
00:20:00	92.349	92.589	98.745	195.421	197.941	202.651	385.211	401.751	385.97	665.702	716.363	567.53
00:20:30	92.122	93.369	100.034	196.014	199.498	201.239	381.189	405.238	383.304	668.546	716.466	571.677
00:21:00	92.468	92.46	99.54	197.633	196.032	198.962	382.554	398.187	380.431	667.57	719.875	570.497
00:21:30	91.756	93.604	99.34	196.289	197.332	202.541	382.761	404.276	384.559	672.018	723.995	575.654
00:22:00	91.821	94.223	99.638	195.802	198.12	204.496	385.311	398.94	385.017	671.439	723.377	568.563
00:22:30	92.176	93.666	99.738	197.149	198.291	200.934	384.096	401.927	383.041	668.592	723.334	570.885
00:23:00	92.472	92.899	98.74	197.973	196.594	200.093	383.562	402.151	381.407	669.718	717.231	569.642
00:23:30	91.462	93.383	100.664	198.529	197.658	202.335	381.847	403.16	385.188	672.408	722.135	569.983
00:24:00	91.887	92.733	100.652	198.209	198.342	202.076	383.384	404.367	386.02	671.529	725.536	572.763
00:24:30	91.374	92.069	100.506	196.177	198.571	202.067	382.508	404.514	385.828	669.605	723.794	573.007
00:25:00	94.309	93.626	100.366	198.154	200.188	202.934	387.509	405.65	385.06	675.363	727.923	575.441
00:25:30	94.782	94.562	100.938	197.948	200.124	202.653	390.743	405.26	385.994	672.386	728.101	574.948
00:26:00	92.223	93.336	100.482	199.57	197.375	202.176	386.197	406.496	387.306	679.112	729.484	578.272
00:26:30	93.458	95.102	99.749	198.423	199.486	205.32	388.692	412.164	387.282	676.464	734.484	577.447
00:27:00	92.994	93.343	99.647	198.785	199.988	204.046	387.414	406.801	386.811	673.336	730.802	571.91
00:27:30	93.56	94.281	101.458	197.441	200.245	202.929	387.634	405.126	385.964	679.426	726.905	578.516
00:28:00	93.908	94.02	99.272	199.576	198.622	205.23	389.022	404.889	387.281	681.449	735.831	580.541
00:28:30	92.719	93.387	99.09	197.433	198.124	203.514	383.882	401.196	383.825	675.706	725.577	571.261
00:29:00	94.107	93.923	101.006	198.487	202.377	203.448	388.546	406.934	388.267	681.332	735.528	576.189
00:29:30	92.668	93.56	100.387	198.12	199.891	204.623	385.726	405.452	388.784	680.745	729.997	580.156
00:30:00	93.596	94.422	99.566	198.333	197.285	203.372	391.358	408.229	386.567	682.417	729.45	576.646
00:30:30	93.825	93.894	101.282	199.196	200.166	204.06	387.545	405.502	387.779	680.373	731.026	579.363
00:31:00	93.658	95.065	100.814	198.273	200.361	204.366	388.678	406.676	386.677	679.344	732.1	579.334
00:31:30	94.182	94.614	102.656	200.516	200.32	205.117	386.41	406.173	384.278	683.38	737.448	576.881
00:32:00	93.836	93.601	101.553	200.11	198.839	205.046	390.094	406.75	387.749	680.184	731.646	579.015
00:32:30	94.131	94.508	101.895	198.687	201.852	203.908	388.857	408.823	387.932	676.67	738.714	577.309
00:33:00	93.479	94.336	100.884	199.291	200.428	204.645	393.372	408.2	388.011	682.375	732.967	579.568
00:33:30	94.602	94.566	100.691	199.699	202.343	207.643	393.281	409.145	391.383	682.834	740.553	580.339
00:34:00	94.069	94.946	100.563	199.25	201.337	204.995	387.923	408.308	387.267	686.649	735.877	576.253
00:34:30	91.622	93.896	98.664	196.645	196.692	203.117	384.586	407.005	387.295	681.512	731.294	574.779
00:35:00	93.995	94.523	102.002	200.062	201.378	207.431	392.11	405.168	389.83	684.605	735.431	585.054
00:35:30	94.369	95.043	102.396	199.327	200.692	204.925	388.571	404.714	388.733	689.661	738.15	581.777
00:36:00	94.133	95.708	101.319	199.183	200.64	206.149	390.721	410.81	388.186	682.963	735.154	582.377
00:36:30	93.156	96.224	100.519	200.931	203.35	205.429	390.724	408.735	389.339	688.922	741.239	582.176
00:37:00	93.919	95.041	100.512	199.235	199.981	205.896	389.225	406.977	387.776	683.258	732.917	577.046
00:37:30	94.472	95.153	101.086	199.201	197.604	203.34	390.189	407.73	388.54	686.369	736.703	578.906
00:38:00	94.452	94.908	101.2	201.337	201.649	208.213	392.001	410.096	390.358	687.69	732.415	584.52
00:38:30	95.207	95.379	102.149	201.022	201.921	205.805	393.51	410.21	393.209	689.756	740.685	585.581
00:39:00	93.832	94.239	101.718	199.573	200.547	203.955	393.974	407.819	389.458	681.602	739.752	579.587
00:39:30	94.19	96.005	101.354	199.866	199.109	205.159	390.227	408.832	388.037	685.758	740.774	582.782
00:40:00	94.647	95.537	101.43	200.001	201.525	205.558	390.732	412.477	392.246	687.673	682.325	583.654
00:40:30	93.979	94.478	101.174	200.669	198.578	210.234	394.758	409.678	389.465	692.289	683.241	584.167
00:41:00	95.974	95.066	101.917	201.666	201.062	206.589	394.066	412.97	389.557	689.456	684.668	584.784
00:41:30	94.83	95.252	101.387	200.702	199.995	207.511	394.265	409.342	392.251	686.193	684.067	579.141
00:42:00	93.865	95.08	101.933	201.011	201.964	206.342	393.996	407.296	390.909	691.246	682.061	586.876
00:42:30	94.456	94.426	102.26	199.841	201.028	207.256	392.273	413.895	392.057	687.508	691.025	581.704
00:43:00	95.086	95.883	100.585	198.65	201.338	206.737	393.243	411.888	389.591	689.924	686.945	581.686
00:43:30	93.397	96.035	103.027	198.148	201.09	206.362	390.075	413.666	389.584	689.958	684.571	585.032
00:44:00	93.556	95.448	101.377	198.285	200.806	207.667	392.164	411.528	387.896	686.29	687.388	585.248
00:44:30	94.38	95.078	102.766	203.926	203.673	208.268	393.967	412.246	390.828	689.463	691.273	589.523
00:45:00	95.111	96.765	101.98	203.215	201.967	207.144	393.057	406.593	390.293	690.509	683.779	584.627
00:45:30	94.713	94.854	101.476	202.149	202.129	207.765	393.748	412.841	391.645	691.789	683.34	590.883
00:46:00	95.163	95.878	103.015	198.302	201.927	206.405	393.24	412.63	392.986	695.648	684.602	591.749
00:46:30	94.292	96.138	101.934	203.553	203.038	208.328	390.764	411.461	390.463	693.595	688.216	585.071
00:47:00	94.202	94.521	100.324	197.26	201.015	206.588	392.765	413.822	390.53	691.639	684.39	583.172
00:47:30	92.94	94.705	101.201	200.312	200.111	208.667	392.821	406.484	390.147	686.272	683.638	581.283
00:48:00	95.371	96.618	101.44	200.543	203.226	207.23	395.295	412.593	392.785	697.403	691.589	584.899
00:48:30	94.552	96.066	102.665	201.66	202.823	206.824	395.207	416.442	392.417	700.466	697.128	588.517
00:49:00	95.023	94.227	101.503	202.466	200.488	207.447	391.846	411.868	390.634	692.554	684.816	581.148
00:49:30	95.122	96.859	103.194	202.934	203.373	209.386	394.163	417.209	396.864	697.898	695.336	591.836
00:50:00	95.282	95.405	101.358	199.584	201.208	207.384	391.92	413.623	389.487	696.896	688.973	585.324
00:50:30	95.594	95.285	101.597	200.737	202.279	208.231	391.925	412.601	392.102	691.402	685.474	585.807
00:51:00	96.07	94.887	103.622	201.162	201.583	207.336	392.517	413.364	389.785	690.269	686.32	588.01
00:51:30	95.766	95.927	102.223	201.807	203.068	210.092	395.72	412.83	392.204	699.069	692.649	591.326
00:52:00	95.052	96.417	103.076	202.844	201.308	210.039	394.637	411.691	393.105	694.318	690.565	586.82
00:52:30	94.577	96.321	101.484	201.237	202.311	207.726	397.995	411.975	395.62	700.668	685.674	589.936
00:53:00	96.057	95.108	101.246	203.035	201.589	207.838	393.633	412.69	391.676	691.236	685.791	585.928
00:53:30	95.996	95.041	102.29	200.633	203.234	209.067	395.354	414.36	392.263	700.859	690.558	587.598
00:54:00	95.032	96.047	102.868	201.675	202.021	208.277	395.579	416.727	395.635	700.165	688.629	589.432
00:54:30	95.122	95.101	102.147	201.19	201.264	207.388	395.876	413.283	391.717	696.991	687.338	585.338
00:55:00	94.72	94.625	101.605	200.447	202.759	205.766	397.995	411.819	391.584	695.992	684.995	586.776
00:55:30	94.403	96.675	102.02	202.452	203.273	208.852	396.747	410.279	390.681	696.439	690.332	591.18
00:56:00	94.405	95.84	103.227	200.791	203.443	206.875	395.71	410.771	391.059	696.406	689.353	587.197
00:56:30	96.816	95.61	103.648	198.639	201.826	211.061	392.787	416.151	394.73	698.734	692.854	584.663
00:57:00	96.443	96.413	101.803	201.739	203.982	209.338	394.973	414.309	390.151	698.736	689.201	591.947
00:57:30	96.714	97.419	102.065	202.097	201.553	208.604	397.075	412.477	390.149	695.697	689.748	589.372
00:58:00	95.713	95.793	102.167	202.099	203.65	206.366	394.347	415.39	392.372	692.375	690.51	587.803
00:58:30	94.806	96.885	103.297	203.202	203.327	208.773	395.915	417.127	392.699	697.381	693.573	592.356
00:59:00	94.898	96.211	102.42	203.73	203.552	207.236	397.202	414.824	393.596	703.384	693.261	592.418
00:59:30	94.796	97.157	102.541	202.503	204.903	209.589	397.079	413.434	394.89	701.351	694.135	593.27